var o, p;
o = [
	Array.prNew(2048)
];
p = [
	// Array
	0, [ 0.00012515488221162,  0.00012515488221162,  0.00012515488221162,  0.00012788337651188,  
		0.00013061454057173,  0.00013198589227703,  0.00013335458029504,  0.0001348359834996,  
		0.00013631771821941,  0.0001370643261364,  0.00013780804837409,  0.00013855177061178,  
		0.00013929549284947,  0.00014003921508715,  0.00014078293732484,  0.0001417002004654,  
		0.00014261865926179,  0.00014318719365401,  0.00014375297002137,  0.00014454624643284,  
		0.00014534154207547,  0.0001458449503357,  0.00014634547718051,  0.00014684600402532,  
		0.00014734653087013,  0.00014791366807461,  0.00014848159590649,  0.00015007131513508,  
		0.00015167418613412,  0.00015169612180761,  0.00015169612180761,  0.00015169612180761,  
		0.00015169612180761,  0.00015169612180761,  0.00015169612180761,  0.00015169612180761,  
		0.00015169612180761,  0.00015169612180761,  0.00015169612180761,  0.00015169612180761,  
		0.00015169612180761,  0.00015169612180761,  0.00015169612180761,  0.00015169612180761,  
		0.00015169612180761,  0.0001524972606006,  0.00015331600683959,  0.00015413475307859,  
		0.00015495349931758,  0.00015497270744048,  0.00015497270744048,  0.00015497270744048,  
		0.00015497270744048,  0.00015497270744048,  0.00015497270744048,  0.00015497270744048,  
		0.00015497270744048,  0.00015659978218191,  0.00015827264395123,  0.00015832006623012,  
		0.00015832006623012,  0.00015832006623012,  0.00015832006623012,  0.00015832006623012,  
		0.00015832006623012,  0.00015832006623012,  0.00015832006623012,  0.00015832006623012,  
		0.00015832006623012,  0.0001580019575924,  0.00015767291296511,  0.00015588488864681,  
		0.00015404517982529,  0.00015287901217555,  0.00015173741137706,  0.00015015122365996,  
		0.00014854835266092,  0.00014848881297572,  0.00014848881297572,  0.00014848881297572,  
		0.00014848881297572,  0.00014848881297572,  0.00014848881297572,  0.00014848881297572,  
		0.00014848881297572,  0.00014848881297572,  0.00014848881297572,  0.00014848881297572,  
		0.00014848881297572,  0.00014848881297572,  0.00014848881297572,  0.00014848881297572,  
		0.00014848881297572,  0.00014848881297572,  0.00014848881297572,  0.00014848881297572,  
		0.00014848881297572,  0.00014848881297572,  0.00014848881297572,  0.00014848881297572,  
		0.00014848881297572,  0.00014848881297572,  0.00014848881297572,  0.00014848881297572,  
		0.00014848881297572,  0.00014848881297572,  0.00014848881297572,  0.00014848881297572,  
		0.00014848881297572,  0.00014848881297572,  0.00014848881297572,  0.00014848881297572,  
		0.00014848881297572,  0.00014848881297572,  0.00014848881297572,  0.00014848881297572,  
		0.00014848881297572,  0.00014848881297572,  0.00014848881297572,  0.00015637432262894,  
		0.00016474245164891,  0.00016767072673181,  0.00017026007010524,  0.00017284941347867,  
		0.0001754387568521,  0.00017802810022552,  0.00018061744359895,  0.00018320678697238,  
		0.00018579613034581,  0.00018838547371924,  0.00019097481709267,  0.00019356416046609,  
		0.00019615350383952,  0.00019874284721295,  0.00020133219058638,  0.00020392153395981,  
		0.00020651087733324,  0.00020910022070666,  0.00021168956408009,  0.00021427890745352,  
		0.00021686825082695,  0.00021945759420038,  0.00022204693757381,  0.00022463628094723,  
		0.00022722562432066,  0.00023026146377201,  0.00023333110734282,  0.00023631799489778,  
		0.00023929852330627,  0.00024227905171475,  0.00024525958012323,  0.00024824010853171,  
		0.00025122063694019,  0.00025420116534868,  0.00025718169375716,  0.00026016222216564,  
		0.00026314275057412,  0.00026612327898261,  0.00026910380739109,  0.00027208433579957,  
		0.00027506486420805,  0.00027804539261653,  0.00028102592102502,  0.0002840064494335,  
		0.00028698697784198,  0.00028996750625046,  0.00029294803465894,  0.00029592856306743,  
		0.00029890909147591,  0.00030188961988439,  0.00030487014829287,  0.00030905215552004,  
		0.00031334303875957,  0.00031715481521171,  0.00032092261814868,  0.00032469042108565,  
		0.00032845822402262,  0.0003322260269596,  0.00033599382989657,  0.00033976163283354,  
		0.00034352943577051,  0.00034729723870748,  0.00035106504164445,  0.00035483284458142,  
		0.00035860064751839,  0.00036236845045537,  0.00036613625339234,  0.00036990405632931,  
		0.00037367185926628,  0.00037743966220325,  0.00038120746514022,  0.00038497526807719,  
		0.00038874307101416,  0.00039251087395113,  0.00039627867688811,  0.00040060259365967,  
		0.00040498476425624,  0.00040944758652218,  0.00041391895350552,  0.00041839032048886,  
		0.00042286168747221,  0.00042814820832293,  0.00043352304486892,  0.00043992292826359,  
		0.00044643509987054,  0.00045294727147748,  0.00045945944308442,  0.00046597161469137,  
		0.00047248378629831,  0.00048133095361948,  0.00049044236419885,  0.00049634744539334,  
		0.00050188578956668,  0.00050742413374002,  0.00051296247791336,  0.0005185008220867,  
		0.00052403916626005,  0.00052957751043339,  0.00053511585460673,  0.00054124395992573,  
		0.00054744239781025,  0.00055329479917427,  0.00055910550939124,  0.00056491621960821,  
		0.00057072692982519,  0.00058378298714795,  0.00059772980064617,  0.0006155858038648,  
		0.00063392723393882,  0.00065421675802003,  0.00067475059752127,  0.00068624279860005,  
		0.00069658985824867,  0.00070845171470814,  0.0007205073048281,  0.00072188609666,  
		0.00072188609666,  0.00072202946662482,  0.00072219153013201,  0.00072445797450196,  
		0.00072700143360937,  0.00072954489271678,  0.00073208835182419,  0.00073463181093161,  
		0.00073717527003902,  0.00073747859556307,  0.00073747859556307,  0.00074054543609931,  
		0.00074403141150883,  0.00074751738691835,  0.00075100336232787,  0.00075448933773739,  
		0.00075797531314691,  0.00076146128855643,  0.00076494726396595,  0.00076843323937547,  
		0.00077191921478499,  0.00077540519019451,  0.00077889116560403,  0.00078278897015983,  
		0.00078674619972667,  0.00078932007328014,  0.00079169256241958,  0.00079406505155901,  
		0.00079643754069845,  0.00079881002983788,  0.00080118251897732,  0.00080355500811675,  
		0.00080592749725619,  0.00080829998639563,  0.00081067247553506,  0.0008130449646745,  
		0.00081541745381393,  0.00081785957520476,  0.00082031237301744,  0.00082064085131689,  
		0.00082064085131689,  0.00082064085131689,  0.00082064085131689,  0.00082064085131689,  
		0.00082064085131689,  0.00082064085131689,  0.00082064085131689,  0.00082064085131689,  
		0.00082064085131689,  0.00082064085131689,  0.00082064085131689,  0.00082064085131689,  
		0.00082064085131689,  0.00082064085131689,  0.00082064085131689,  0.00082064085131689,  
		0.00082064085131689,  0.00082064085131689,  0.00082064085131689,  0.00082064085131689,  
		0.00082064085131689,  0.00082064085131689,  0.00082064085131689,  0.00082064085131689,  
		0.00082064085131689,  0.00082064085131689,  0.00082064085131689,  0.00082064085131689,  
		0.00082064085131689,  0.00082064085131689,  0.00082064085131689,  0.00082064085131689,  
		0.00082064085131689,  0.00082064085131689,  0.00082064085131689,  0.00082064085131689,  
		0.00082064085131689,  0.00082064085131689,  0.00082064085131689,  0.00082064085131689,  
		0.00082064085131689,  0.00082064085131689,  0.00082064085131689,  0.00083242834096488,  
		0.00084638505613837,  0.00087576004774154,  0.0009079935842216,  0.00093412851190325,  
		0.00095912437228034,  0.00098412023265742,  0.0010091160930345,  0.0010341119534116,  
		0.0010591078137887,  0.0010841036741658,  0.0011090995345428,  0.0011340953949199,  
		0.001159091255297,  0.0011840871156741,  0.0012090829760512,  0.0012340788364283,  
		0.0012590746968053,  0.0012938339628442,  0.0013305116524516,  0.0013784377668937,  
		0.001428589857679,  0.0014787419484643,  0.0015288940392496,  0.0015790461300349,  
		0.0016291982208201,  0.0016793503116054,  0.0017295024023907,  0.001779654493176,  
		0.0018298065839613,  0.0018799586747466,  0.0019301107655319,  0.0019802628563172,  
		0.0020304149471025,  0.0020805670378878,  0.002130719128673,  0.0021808712194583,  
		0.0022310233102436,  0.0022811754010289,  0.0023313274918142,  0.0024055548378617,  
		0.0024848881918381,  0.0025846512504856,  0.0026887765236536,  0.0027929017968216,  
		0.0028970270699897,  0.0030011523431577,  0.0031052776163257,  0.0032094028894938,  
		0.0033135281626618,  0.0034176534358298,  0.0035217787089979,  0.0036259039821659,  
		0.0037300292553339,  0.003834154528502,  0.00393827980167,  0.004042405074838,  
		0.004146530348006,  0.0042506556211741,  0.0043547808943421,  0.0044589061675101,  
		0.0045630314406782,  0.0046671567138462,  0.0047712819870142,  0.0048754072601823,  
		0.0049795325333503,  0.0050836578065183,  0.0051877830796864,  0.0052919083528544,  
		0.0053960336260224,  0.0055001588991905,  0.0056042841723585,  0.0057084094455265,  
		0.0058125347186946,  0.0059166599918626,  0.0060207852650306,  0.0061604679448566,  
		0.0063086310231228,  0.0064474532340284,  0.0065840336367675,  0.0067206140395066,  
		0.0068571944422457,  0.0069937748449849,  0.007130355247724,  0.0072669356504631,  
		0.0074035160532022,  0.0075400964559413,  0.0076766768586804,  0.0078132572614195,  
		0.0079498376641586,  0.008106544916394,  0.0082682654498227,  0.0084690600669212,  
		0.0086796470888515,  0.0088902341107817,  0.009100821132712,  0.0094006051547306,  
		0.0097230163569186,  0.0098593711941243,  0.0099482417075063,  0.010065652212634,  
		0.01019039055348,  0.010257188037067,  0.01030901924756,  0.010366100867765,  
		0.010424546818572,  0.010436658784917,  0.010436658784917,  0.010428514468085,  
		0.010418228497568,  0.010311465415087,  0.010179181811024,  0.010038929385176,  
		0.0098965565426398,  0.0097267647882606,  0.0095496341429792,  0.0094418354171421,  
		0.0093527029773094,  0.0092635705374766,  0.0091744380976439,  0.0090853056578111,  
		0.0089961732179784,  0.0089070407781456,  0.0088179083383128,  0.0087249859229302,  
		0.0086310191377264,  0.008536352817474,  0.0084414926185937,  0.0083466324197135,  
		0.0082517722208333,  0.008156912021953,  0.0080620518230728,  0.0079671916241926,  
		0.0078723314253124,  0.0077435490603201,  0.0076051476118381,  0.0075362918003362,  
		0.0074872687270184,  0.0074382456537006,  0.0073892225803827,  0.0073314239112362,  
		0.0072710942453078,  0.0071980860507351,  0.0071214006032139,  0.0071040845344188,  
		0.0071040845344188,  0.007185742320787,  0.0072913503049269,  0.0073969582890668,  
		0.0075025662732067,  0.0076297637489452,  0.0077633641917738,  0.0078789730877273,  
		0.0079892164842955,  0.0080994598808636,  0.0082097032774318,  0.008319946674,  
		0.0084301900705682,  0.0085404334671364,  0.0086506768637046,  0.0087609202602727,  
		0.0088711636568409,  0.0089814070534091,  0.0090916504499773,  0.0092018938465455,  
		0.0093121372431137,  0.0094223806396819,  0.00953262403625,  0.0096428674328182,  
		0.0097531108293864,  0.0098991514115769,  0.010056404462692,  0.01020923873061,  
		0.010360681479398,  0.010512124228185,  0.010663566976973,  0.010815009725761,  
		0.010966452474549,  0.011141296967597,  0.011323630018809,  0.011569774010129,  
		0.011836446327142,  0.012103118644156,  0.01236979096117,  0.012636463278183,  
		0.012903135595197,  0.013169807912211,  0.013436480229224,  0.013703152546238,  
		0.013969824863252,  0.014236497180266,  0.014503169497279,  0.014769841814293,  
		0.015036514131307,  0.01530318644832,  0.015569858765334,  0.015836531082348,  
		0.016103203399361,  0.016369875716375,  0.016636548033389,  0.016903220350402,  
		0.017169892667416,  0.01743656498443,  0.017703237301444,  0.017969909618457,  
		0.018236581935471,  0.018503254252485,  0.018769926569498,  0.019036598886512,  
		0.019303271203526,  0.019694832312156,  0.020129833000478,  0.020542562654702,  
		0.020947506261385,  0.021352449868067,  0.02175739347475,  0.022162337081433,  
		0.022567280688116,  0.022972224294798,  0.023377167901481,  0.023782111508164,  
		0.024187055114847,  0.024591998721529,  0.024996942328212,  0.025401885934895,  
		0.025806829541578,  0.026335901368287,  0.026909930419826,  0.027542655981357,  
		0.028196747072525,  0.028850838163693,  0.029504929254861,  0.030159020346029,  
		0.030813111437198,  0.031467202528366,  0.032121293619534,  0.032848067535757,  
		0.033601829578709,  0.034305371413102,  0.03499017335759,  0.035674975302078,  
		0.036359777246566,  0.037044579191054,  0.037729381135541,  0.038414183080029,  
		0.039098985024517,  0.039783786969005,  0.040468588913493,  0.041419781463952,  
		0.04247285042183,  0.043082424535651,  0.043521562200605,  0.04396069986556,  
		0.044399837530515,  0.044909296211817,  0.045446043645732,  0.045596626747915,  
		0.045596626747915,  0.045596626747915,  0.045596626747915,  0.045596626747915,  
		0.045596626747915,  0.045596626747915,  0.045596626747915,  0.045575925033307,  
		0.045546993538712,  0.045472676809173,  0.045380230820258,  0.045287784831343,  
		0.045195338842428,  0.045102892853513,  0.045010446864598,  0.044918000875683,  
		0.044825554886769,  0.044733108897854,  0.044640662908939,  0.044548216920024,  
		0.044455770931109,  0.044363324942194,  0.044270878953279,  0.044178432964365,  
		0.04408598697545,  0.043993540986535,  0.04390109499762,  0.043772684859325,  
		0.043629281356815,  0.04348562836268,  0.043341870865812,  0.043198113368944,  
		0.043054355872076,  0.042910598375208,  0.04276684087834,  0.042623083381472,  
		0.042479325884603,  0.042335568387735,  0.042191810890867,  0.042048053393999,  
		0.041904295897131,  0.041861014070117,  0.041861014070117,  0.041861014070117,  
		0.041861014070117,  0.041861014070117,  0.041861014070117,  0.042311176354049,  
		0.042957968512001,  0.044449527118546,  0.046311784926161,  0.048174042733776,  
		0.050036300541391,  0.052221343824818,  0.054549341465657,  0.056661715117057,  
		0.058678154366375,  0.060694593615694,  0.062711032865013,  0.064727472114331,  
		0.06674391136365,  0.068760350612969,  0.070776789862287,  0.072793229111606,  
		0.074809668360924,  0.07736008167935,  0.080153555740471,  0.08289303820942,  
		0.085607832215283,  0.088322626221146,  0.091037420227008,  0.093752214232871,  
		0.096467008238734,  0.099181802244597,  0.10189659625046,  0.10461139025632,  
		0.10732618426219,  0.11004097826805,  0.11275577227391,  0.11547056627977,  
		0.11818536028564,  0.12142988257639,  0.12492440612964,  0.12816343921851,  
		0.13128135362902,  0.1346970423755,  0.13825452842483,  0.14015966801774,  
		0.14127445114089,  0.14262822337666,  0.14409682106162,  0.14535905827238,  
		0.14652170412384,  0.1476843499753,  0.14884699582676,  0.15000964167822,  
		0.15117228752968,  0.15233493338114,  0.1534975792326,  0.15466022508406,  
		0.15582287093553,  0.15698551678699,  0.15814816263845,  0.15931080848991,  
		0.16047345434137,  0.16320981322487,  0.16672957244643,  0.16905968563566,  
		0.17079497580873,  0.17253026598179,  0.17426555615486,  0.17623331536675,  
		0.17831833469675,  0.18035869737972,  0.18237643578202,  0.18439417418432,  
		0.18641191258661,  0.18842965098891,  0.19044738939121,  0.1924651277935,  
		0.1944828661958,  0.19709862752339,  0.20002270289246,  0.20328829516996,  
		0.20673072632141,  0.21017315747287,  0.21361558862432,  0.21705801977577,  
		0.22050045092723,  0.22394288207868,  0.22738531323014,  0.23082774438159,  
		0.23427017553304,  0.2377126066845,  0.24115503783595,  0.2445974689874,  
		0.24803990013886,  0.25148233129031,  0.25492476244177,  0.25836719359322,  
		0.26180962474467,  0.26525205589613,  0.26869448704758,  0.27331140344934,  
		0.27856332015962,  0.28344322845883,  0.28812114124073,  0.29279905402262,  
		0.29747696680452,  0.30215487958642,  0.30683279236831,  0.31151070515021,  
		0.31618861793211,  0.320866530714,  0.3255444434959,  0.33022235627779,  
		0.33490026905969,  0.33957818184159,  0.34425609462348,  0.34893400740538,  
		0.35361192018727,  0.36006656840044,  0.36751944354294,  0.37538885517436,  
		0.38349328510001,  0.39159771502565,  0.39970214495129,  0.40780657487693,  
		0.41591100480258,  0.42401543472822,  0.43211986465386,  0.44022429457951,  
		0.44832872450515,  0.45643315443079,  0.46453758435644,  0.47264201428208,  
		0.48074644420772,  0.48885087413337,  0.49695530405901,  0.50505973398465,  
		0.51316416391029,  0.52417616908457,  0.5368921485906,  0.54851654340385,  
		0.55949853045537,  0.57048051750688,  0.5814625045584,  0.59244449160991,  
		0.60342647866143,  0.61440846571294,  0.62539045276446,  0.63637243981597,  
		0.64735442686749,  0.65971037090689,  0.67289197923949,  0.68900895839577,  
		0.70689728201462,  0.72478560563346,  0.7426739292523,  0.76056225287114,  
		0.77845057648999,  0.79633890010883,  0.81422722372767,  0.83211554734652,  
		0.85000387096536,  0.8678921945842,  0.88578051820305,  0.90366884182189,  
		0.92155716544073,  0.93944548905958,  0.95733381267842,  0.97522213629726,  
		0.99311045991611,  1.0,  1.0,  1.0,  
		1.0,  1.0,  1.0,  1.0,  
		1.0,  1.0,  1.0,  1.0,  
		1.0,  1.0,  1.0,  1.0,  
		1.0,  1.0,  1.0,  1.0,  
		1.0,  1.0,  1.0,  1.0,  
		1.0,  1.0,  1.0,  1.0,  
		1.0,  1.0,  1.0,  1.0,  
		1.0,  1.0,  1.0,  1.0,  
		1.0,  1.0,  1.0,  1.0,  
		1.0,  1.0,  1.0,  1.0,  
		1.0,  1.0,  1.0,  1.0,  
		1.0,  1.0,  1.0,  1.0,  
		1.0,  1.0,  1.0,  1.0,  
		1.0,  1.0,  1.0,  1.0,  
		1.0,  1.0,  1.0,  1.0,  
		1.0,  1.0,  1.0,  1.0,  
		1.0,  0.99604288674029,  0.9892393121778,  0.98118254910787,  
		0.97222070544921,  0.96264654430466,  0.95262837553964,  0.94261020677463,  
		0.93259203800961,  0.92138508752278,  0.90930917983829,  0.89852287018147,  
		0.8886829943314,  0.87884311848133,  0.86900324263126,  0.8591633667812,  
		0.84932349093113,  0.83948361508106,  0.82964373923099,  0.81980386338093,  
		0.80996398753086,  0.80012411168079,  0.79028423583072,  0.78021839650187,  
		0.76998269764015,  0.76085956987881,  0.75257611841964,  0.74429266696047,  
		0.73600921550129,  0.72772576404212,  0.71944231258295,  0.71115886112377,  
		0.7028754096646,  0.69459195820543,  0.68630850674625,  0.67802505528708,  
		0.66974160382791,  0.66025162913637,  0.64982905589781,  0.64274264756577,  
		0.63824524220808,  0.63374783685038,  0.62925043149269,  0.65277477800196,  
		0.69821857849777,  0.72483871040607,  0.73667585651266,  0.75008828331508,  
		0.76474275835843,  0.78016396667372,  0.79619211621303,  0.81222026575234,  
		0.82824841529165,  0.84427656483097,  0.86030471437028,  0.87633286390959,  
		0.8923610134489,  0.90838916298821,  0.92441731252753,  0.94177385964286,  
		0.96020298218619,  0.96932447217089,  0.970901013993,  0.97247755581511,  
		0.97405409763723,  0.97563063945934,  0.97720718128146,  0.97878372310357,  
		0.98036026492569,  0.9819368067478,  0.98351334856991,  0.98508989039203,  
		0.98666643221414,  0.98824297403626,  0.98981951585837,  0.99139605768049,  
		0.9929725995026,  0.99454914132471,  0.99612568314683,  0.99770222496894,  
		0.99927876679106,  1.0,  1.0,  1.0,  
		1.0,  1.0,  1.0,  1.0,  
		1.0,  1.0,  1.0,  1.0,  
		1.0,  1.0,  1.0,  1.0,  
		1.0,  1.0,  1.0,  1.0,  
		1.0,  1.0,  1.0,  1.0,  
		1.0,  1.0,  1.0,  1.0,  
		1.0,  1.0,  1.0,  1.0,  
		1.0,  1.0,  1.0,  1.0,  
		1.0,  1.0,  1.0,  1.0,  
		1.0,  1.0,  1.0,  1.0,  
		1.0,  1.0,  1.0,  1.0,  
		1.0,  1.0,  1.0,  1.0,  
		1.0,  1.0,  1.0,  1.0,  
		1.0,  1.0,  1.0,  1.0,  
		1.0,  1.0,  1.0,  1.0,  
		1.0,  1.0,  1.0,  1.0,  
		1.0,  1.0,  1.0,  1.0,  
		1.0,  1.0,  1.0,  1.0,  
		1.0,  1.0,  1.0,  1.0,  
		1.0,  1.0,  1.0,  1.0,  
		1.0,  0.97164867202043,  0.91511181330093,  0.86921172231021,  
		0.83392762411128,  0.81211970330022,  0.80381433204413,  0.79550896078803,  
		0.78720358953194,  0.77889821827584,  0.77059284701975,  0.76218838470296,  
		0.75368346589748,  0.74708711993376,  0.74243322680307,  0.73777933367239,  
		0.7331254405417,  0.72847154741101,  0.72381765428032,  0.71916376114963,  
		0.71450986801895,  0.70985597488826,  0.70520208175757,  0.70054818862688,  
		0.69589429549619,  0.69124040236551,  0.68658650923482,  0.68158002601958,  
		0.67620473357591,  0.67188120276467,  0.66866212705443,  0.66544305134419,  
		0.66222397563395,  0.65900489992371,  0.65578582421347,  0.65256674850323,  
		0.64934767279298,  0.64612859708274,  0.6429095213725,  0.55027122423796,  
		0.36187833574014,  0.26533573850483,  0.26753686209937,  0.26795225053862,  
		0.26644035164562,  0.26492845275263,  0.26341655385963,  0.26190465496664,  
		0.26039275607364,  0.25888085718065,  0.25736895828765,  0.25585705939466,  
		0.25434516050166,  0.25283326160867,  0.25132136271567,  0.24980946382268,  
		0.24829756492968,  0.24678566603669,  0.24527376714369,  0.24294020061362,  
		0.23969159512408,  0.23652536621388,  0.23345123534269,  0.23037710447151,  
		0.22730297360032,  0.22422884272913,  0.22115471185795,  0.21808058098676,  
		0.21500645011557,  0.21193231924438,  0.2088581883732,  0.20578405750201,  
		0.20270992663082,  0.19963579575964,  0.19656166488845,  0.19348753401726,  
		0.19041340314608,  0.18733927227489,  0.1842651414037,  0.18119101053252,  
		0.17811687966133,  0.17504274879014,  0.17196861791896,  0.16889448704777,  
		0.16582035617658,  0.16262339891798,  0.15928249226267,  0.15626990445684,  
		0.15364361521219,  0.15101732596755,  0.1483910367229,  0.14576474747825,  
		0.14313845823361,  0.14051216898896,  0.13788587974432,  0.13525959049967,  
		0.13263330125502,  0.13000701201038,  0.12738072276573,  0.12475443352109,  
		0.12212814427644,  0.11950185503179,  0.11687556578715,  0.11409741110042,  
		0.11113484837688,  0.10863718268159,  0.10670626781035,  0.10477535293911,  
		0.10284443806787,  0.10091352319663,  0.098982608325394,  0.097051693454155,  
		0.095120778582915,  0.093189863711675,  0.091258948840435,  0.089328033969195,  
		0.087397119097955,  0.085466204226715,  0.083535289355475,  0.081604374484236,  
		0.079673459612996,  0.077742544741756,  0.075811629870516,  0.073880714999276,  
		0.071949800128036,  0.070014452839766,  0.068073483949408,  0.066237296887853,  
		0.064534532021637,  0.062831767155421,  0.061129002289206,  0.05942623742299,  
		0.057723472556774,  0.056020707690559,  0.054317942824343,  0.052615177958128,  
		0.050912413091912,  0.049003882647879,  0.046828088149962,  0.045023812623826,  
		0.043704017919001,  0.042384223214175,  0.041064428509349,  0.039744633804524,  
		0.038424839099698,  0.037105044394872,  0.035785249690047,  0.034385738350969,  
		0.032880602471506,  0.031518461446284,  0.030346545921921,  0.029174630397558,  
		0.028002714873195,  0.026623742970551,  0.02496711651946,  0.023734083866623,  
		0.023071348368776,  0.022408612870929,  0.021745877373082,  0.021083141875235,  
		0.020420406377387,  0.019730602598495,  0.019003915942427,  0.018476993526211,  
		0.018223359688127,  0.017969725850042,  0.017716092011957,  0.017446435070692,  
		0.017154681152251,  0.016916590980147,  0.016752804456819,  0.01658901793349,  
		0.016425231410162,  0.016255192633688,  0.016076427058913,  0.015959268974296,  
		0.01592844814701,  0.015897627319724,  0.015866806492438,  0.015835985665152,  
		0.015805164837866,  0.01577434401058,  0.015743523183294,  0.015711900225134,  
		0.015679134895752,  0.015644526936209,  0.015607284146841,  0.015570041357472,  
		0.015532798568104,  0.015495555778735,  0.015458312989367,  0.015421070199998,  
		0.01538382741063,  0.015346584621261,  0.015309341831893,  0.015272099042524,  
		0.015234856253156,  0.015197613463787,  0.015160370674419,  0.01512312788505,  
		0.015085885095682,  0.015048642306313,  0.015011399516945,  0.014974156727576,  
		0.014936913938208,  0.014899671148839,  0.014862428359471,  0.014825185570102,  
		0.014787942780734,  0.01474658519905,  0.014699050398585,  0.014660055253506,  
		0.014633932383091,  0.014607809512677,  0.014581686642262,  0.014555563771848,  
		0.014529440901433,  0.014503318031019,  0.014477195160604,  0.014451072290189,  
		0.014424949419775,  0.01439882654936,  0.014372703678946,  0.014346580808531,  
		0.014320457938116,  0.014294335067702,  0.014268212197287,  0.014242089326873,  
		0.014215966456458,  0.014189843586044,  0.014163720715629,  0.014133887978684,  
		0.014098229446308,  0.014065107310367,  0.01403598463077,  0.014006861951173,  
		0.013977739271577,  0.01394861659198,  0.013919493912383,  0.013890371232787,  
		0.01386124855319,  0.013832125873593,  0.013803003193996,  0.0137738805144,  
		0.013744757834803,  0.013715635155206,  0.013686512475609,  0.013657389796013,  
		0.013628267116416,  0.013599144436819,  0.013570021757223,  0.013540899077626,  
		0.013511776398029,  0.013482653718432,  0.013453531038836,  0.013424408359239,  
		0.013395285679642,  0.013366163000046,  0.013337040320449,  0.013307917640852,  
		0.013278794961255,  0.013246655499895,  0.013209474941072,  0.013167430172606,  
		0.013117223209426,  0.013067016246246,  0.013016809283066,  0.012966602319886,  
		0.012916395356706,  0.012866188393526,  0.012815981430346,  0.012765774467166,  
		0.012715567503986,  0.012665360540806,  0.012615153577626,  0.012564946614446,  
		0.012514739651266,  0.012464011509677,  0.012412382771798,  0.012345370673703,  
		0.012251663921113,  0.011060513072305,  0.0079569261308943,  0.005537937848943,  
		0.0043169972210474,  0.0035138630925392,  0.0034449872864042,  0.0033761114802693,  
		0.0033072356741344,  0.0032383598679994,  0.0031694840618645,  0.0031006082557295,  
		0.0030317324495946,  0.0029600759758906,  0.0028834491536163,  0.0028240734773456,  
		0.0027956650221797,  0.0027672565670139,  0.002738848111848,  0.0027104396566821,  
		0.0026820312015163,  0.0026536227463504,  0.0026252142911845,  0.0025968058360187,  
		0.0025683973808528,  0.0025392157971931,  0.0025086164543565,  0.0024870853080329,  
		0.002482254756954,  0.0024774242058752,  0.0024725936547963,  0.0024677631037175,  
		0.0024629325526386,  0.0024581020015598,  0.0024532714504809,  0.0024484408994021,  
		0.0024436103483232,  0.0024404560881857,  0.0024404560881857,  0.0024404560881857,  
		0.0024404560881857,  0.0024404560881857,  0.0024404560881857,  0.0024404560881857,  
		0.0024404560881857,  0.0024404560881857,  0.0024404560881857,  0.0024404560881857,  
		0.0024404560881857,  0.0024404560881857,  0.0024404560881857,  0.0024404560881857,  
		0.0024404560881857,  0.0024404560881857,  0.0024404560881857,  0.0024404560881857,  
		0.0024404560881857,  0.0024404560881857,  0.0024404560881857,  0.0024396130953559,  
		0.0024371061719114,  0.0024322884496036,  0.0024228895517068,  0.0024134906538099,  
		0.002404091755913,  0.0023946928580161,  0.0023852939601192,  0.0023758950622223,  
		0.0023664961643254,  0.0023565913512664,  0.0023456657536324,  0.0023323161510612,  
		0.0023140539941051,  0.002295791837149,  0.002277529680193,  0.0022592675232369,  
		0.0022410053662809,  0.0022227432093248,  0.0022044810523687,  0.0021862188954127,  
		0.0021679567384566,  0.0021468133825346,  0.002119699974701,  0.002097858491942,  
		0.0020869896002267,  0.0020761207085113,  0.002065251816796,  0.0020543829250807,  
		0.0020435140333654,  0.0020326451416501,  0.0020217762499347,  0.0020109073582194,  
		0.0020000384665041,  0.0019895071467323,  0.0019796943287118,  0.0019775914226382,  
		0.0019919725921076,  0.002006353761577,  0.0020207349310463,  0.0020351161005157,  
		0.0020494972699851,  0.0020659726030776,  0.0020869863712665,  0.0021275137475511,  
		0.0022105226122672,  0.0023028753755864,  0.0024156624592151,  0.0024931691256775,  
		0.0024931691256775,  0.0024931691256775,  0.0024931691256775,  0.0024931691256775,  
		0.0024931691256775,  0.0024931691256775,  0.0024931691256775,  0.0024931691256775,  
		0.0024931691256775,  0.0024903067196936,  0.0024810107154985,  0.002468727911794,  
		0.0024497010289425,  0.0024350430252625,  0.0024302952586805,  0.0024255474920986,  
		0.0024207997255167,  0.0024160519589348,  0.0024113041923529,  0.0024065564257709,  
		0.002401808659189,  0.0023970401769441,  0.0023922238274393,  0.002385057773055,  
		0.002372437046629,  0.0023583578717117,  0.0023408772338631,  0.002317237741615,  
		0.0022791672081755,  0.0022378832011262,  0.0021890343611198,  0.0021342312930562,  
		0.0020653456921863,  0.0020051884857839,  0.0019657720187103,  0.0019263555516368,  
		0.0018869390845632,  0.0018475226174896,  0.001808106150416,  0.0017680576323934,  
		0.0017264858715839,  0.0016918789649235,  0.0016741367887112,  0.0016471167706838,  
		0.001597524822066,  0.0015355590228188,  0.0014433460331444,  0.0013646537122879,  
		0.0013191692503187,  0.0012758237307334,  0.0012377566859121,  0.0011957224664207,  
		0.0011438512730024,  0.0011002081573167,  0.0010770650305214,  0.0010519211979823,  
		0.0010217687493518,  0.0009906277734034,  0.00095700019265547,  0.00092929603530906,  
		0.00091656384124992,  0.00090383164719078,  0.00089109945313165,  0.00087785108992607,  
		0.00086328542004469,  0.00085078159164682,  0.00084356527311603,  0.00083940231504801,  
		0.00084310763201865,  0.00084726960658201,  0.00085261408396439,  0.00085647485501579,  
		0.00085647485501579,  0.00085647485501579,  0.00085647485501579,  0.00085647485501579,  
		0.00085647485501579,  0.00085647485501579,  0.00085647485501579,  0.00085647485501579,  
		0.00085647485501579,  0.00085647485501579,  0.00085647485501579,  0.00085647485501579,  
		0.00085647485501579,  0.00085647485501579,  0.00085647485501579,  0.00085403326826952,  
		0.00084498347391649,  0.00083836641998095,  0.00083836641998095,  0.00083836641998095,  
		0.00083836641998095,  0.00083615345410444,  0.00082786091164414,  0.00081931723307873,  
		0.00081008016034077,  0.000801088772989,  0.00079277913991922,  0.00078446950684944,  
		0.00077615987377965,  0.00076767542758091,  0.0007587009847307,  0.00075116446718839,  
		0.00074767882131568,  0.00074419317544298,  0.00074070752957028,  0.00073722188369758,  
		0.00073373623782488,  0.00072995378094021,  0.00072532233255713,  0.00072155802417098,  
		0.00072028674327604,  0.0007190154623811,  0.00071774418148616,  0.00071647290059121,  
		0.00071520161969627,  0.00071393033880133,  0.00071265905790639,  0.00071138777701144,  
		0.0007101164961165,  0.00070864485577005,  0.0007065821937211,  0.00070421563696268,  
		0.00070094799705412,  0.00069768035714555,  0.00069441271723699,  0.00068316179387395,  
		0.00064799220484844,  0.00062158922892314,  0.00062158922892314,  0.00062290292440517,  
		0.00062819391053948,  0.00063320535816141,  0.00063736603639785,  0.00064083950685966,  
		0.00064221044877287,  0.00064358139068608,  0.00064495233259929,  0.00064634899099736,  
		0.00064782516476666,  0.00064907660564399,  0.00064962947921859,  0.00065018235279318,  
		0.00065073522636778,  0.00065128809994238,  0.00065184097351698,  0.00065239384709158,  
		0.00065294672066617,  0.00065349959424077,  0.00065405246781537,  0.00065460534138997,  
		0.00065515821496457,  0.00065571108853916,  0.00065626396211376,  0.00065681683568836,  
		0.00065736970926296,  0.00065792258283756,  0.00065847545641215,  0.00065902832998675,  
		0.00065958120356135,  0.00066013407713595,  0.00066068695071054,  0.00066130102361329,  
		0.00066211695144292,  0.00066288996584193,  0.00066352065974955,  0.00066415135365717,  
		0.00066478204756479,  0.00066541274147241,  0.00066604343538003,  0.00066667412928765,  
		0.00066730482319527,  0.00066793551710289,  0.00066856621101051,  0.00066919690491813,  
		0.00066982759882575,  0.00067045829273337,  0.00067108898664099,  0.00067171968054861,  
		0.00067235037445622,  0.00067298106836384,  0.00067361176227146,  0.00067424245617908,  
		0.0006748731500867,  0.0006755518609287,  0.00067639894833356,  0.00067705889814947,  
		0.00067705889814947,  0.00067705889814947,  0.00067705889814947,  0.00067705889814947,  
		0.00067705889814947,  0.00067705889814947,  0.00067705889814947,  0.00067705889814947,  
		0.00067705889814947,  0.00067705889814947,  0.00067705889814947,  0.00067705889814947,  
		0.00067705889814947,  0.00067668423656128,  0.00067493410503293,  0.00067273600946497,  
		0.00066888373475997,  0.00066503146005496,  0.00066117918534996,  0.00065732691064495,  
		0.00065347463593994,  0.00064962236123494,  0.00064577008652993,  0.0006418866169398,  
		0.00063788521902223,  0.00063249528759907,  0.00062182501749265,  0.00061115474738623,  
		0.00060048447727981,  0.0005888884774874,  0.0005737299539745,  0.0005588518137649,  
		0.00054505915748659,  0.00051596500491422,  0.00042727555098611,  0.00035654491668919,  
		0.00035618177277416,  0.00035581862885914,  0.00035545548494411,  0.00035509234102908,  
		0.00035472919711405,  0.00035436605319903,  0.000354002909284,  0.00035363976536897,  
		0.00035327662145395,  0.00035291347753892,  0.00035255033362389,  0.00035218718970886,  
		0.00035182404579384,  0.00035146090187881,  0.00035109775796378,  0.00035073461404876,  
		0.00035037147013373,  0.00034998173227015,  0.00034948187675027,  0.00034895978420843,  
		0.00034834503740841,  0.00034773029060839,  0.00034711554380837,  0.00034650079700834,  
		0.00034588605020832,  0.0003452713034083,  0.00034465655660828,  0.00034404180980826,  
		0.00034342706300823,  0.00034278968304742,  0.00034205496876814,  0.00034135221217991,  
		0.00034078777247321,  0.00034022333276651,  0.00033965889305981,  0.00033909445335311,  
		0.0003385300136464,  0.0003379655739397,  0.000337401134233,  0.0003368366945263,  
		0.0003362722548196,  0.0003357078151129,  0.0003351433754062,  0.0003345789356995,  
		0.0003340144959928,  0.0003334500562861,  0.0003328856165794,  0.0003323211768727,  
		0.000331756737166,  0.0003311922974593,  0.0003306278577526,  0.0003300634180459,  
		0.0003294989783392,  0.00032889005651062,  0.00032807420680015,  0.00032731495144191,  
		0.0003268207462999,  0.0003263265411579,  0.00032583233601589,  0.00032533813087389,  
		0.00032484392573188,  0.00032434972058988,  0.00032385551544787,  0.00032336131030586,  
		0.00032286710516386,  0.00032237290002185,  0.00032187869487985,  0.00032137075051271,  
		0.00032079576820223,  0.00032025591059965,  0.00031988863104163,  0.00031952135148362,  
		0.0003191540719256,  0.00031878679236758,  0.00031841951280957,  0.00031805223325155,  
		0.00031768495369353,  0.00031731767413552,  0.0003169503945775,  0.00031658311501948,  
		0.00031621583546147,  0.00031584855590345,  0.00031548127634543,  0.00031511399678742,  
		0.0003147467172294,  0.00031437571111402,  0.00031398532690032,  0.00031363576666643,  
		0.00031350003447307,  0.00031336430227972,  0.00031322857008637,  0.00031309283789301,  
		0.00031295710569966,  0.0003128213735063,  0.00031268564131295,  0.00031254990911959,  
		0.00031241417692624,  0.00031227844473288,  0.00031214271253953,  0.00031200698034618,  
		0.00031187124815282,  0.00031173551595947,  0.00031159978376611,  0.00031146405157276,  
		0.0003113283193794,  0.00031119258718605,  0.0003110568549927,  0.00031092112279934,  
		0.00031078539060599,  0.00031064965841263,  0.00031051392621928,  0.00031037819402592,  
		0.00031024246183257,  0.00031010672963922,  0.00030997099744586,  0.00030983526525251,  
		0.00030969953305915,  0.0003095638008658,  0.00030942806867244,  0.00030929233647909,  
		0.00030915660428574,  0.00030902087209238,  0.00030888513989903,  0.00030874940770567,  
		0.00030861367551232,  0.00030847794331896,  0.00030834221112561,  0.00030820647893226,  
		0.0003080707467389,  0.00030793501454555,  0.00030779928235219,  0.00030766355015884,  
		0.00030752781796548,  0.00030738739686079,  0.00030721764511922,  0.00030707112431003,  
		0.00030707112431003,  0.00030707112431003,  0.00030707112431003,  0.00030707112431003,  
		0.00030707112431003,  0.00030707112431003,  0.00030707112431003,  0.00030707112431003,  
		0.00030707112431003,  0.00030707112431003,  0.00030707112431003,  0.00030707112431003,  
		0.00030707112431003,  0.00030707112431003,  0.00030707112431003,  0.00030707112431003,  
		0.00030707112431003,  0.00030707112431003,  0.00030707112431003,  0.00030707112431003,  
		0.00030707112431003,  0.00030707112431003,  0.00030707112431003,  0.00030692319470045,  
		0.00030574091352385,  0.00030455863234724,  0.00030337635117064,  0.00030219406999404,  
		0.00030101178881744,  0.00029982950764084,  0.00029864722646424,  0.00029740322143266,  
		0.00029571171845245,  0.00029413160197198,  0.00029336650866036,  0.00029260141534874,  
		0.00029183632203712,  0.0002910712287255,  0.00029030613541388,  0.00028953535415186,  
		0.00028872177106311,  0.0002880028276494,  0.0002880028276494,  0.0002880028276494,  
		0.0002880028276494,  0.00028796462937459,  0.00028763063933074,  0.00028717456114283,  
		0.00028576387996632,  0.00028435319878982,  0.00028294251761331,  0.00028153183643681,  
		0.00028012115526031,  0.0002787104740838,  0.0002772997929073,  0.0002758891117308,  
		0.00027447843055429,  0.00027305259590446,  0.0002715022570413,  0.00026991618477745,  
		0.00026803352528788,  0.0002661508657983,  0.00026426820630873,  0.00026235584213113,  
		0.00026019181323558,  0.00025812582480719,  0.00025689913607906,  0.00025561440989386,  
		0.00025382760495271,  0.00025200692853101,  0.00024989011859375,  0.00024746136514081,  
		0.00024227611081368,  0.00023687048826426,  0.00022949652819533,  0.00022241538237103,  
		0.00021797817693215,  0.00021351626859747,  0.00020882885461996,  0.00020424988852371,  
		0.00020067189637157,  0.00019709390421942,  0.00019351591206727,  0.00018993791991513,  
		0.00018635992776298,  0.00018278193561083,  0.00017920394345868,  0.00017546829194703,  
		0.00017021024224519,  0.0001649546740505,  0.00015972334626257,  0.00015483935983447,  
		0.00015338814067543,  0.00015190620104739,  0.00015011705672942,  0.00014848881297572,  
		0.00014848881297572,  0.00014848881297572,  0.00014848881297572,  0.00014848881297572,  
		0.00014848881297572,  0.00014848881297572,  0.00014848881297572,  0.00014848164962821,  
		0.0001483983757134,  0.00014829760422169,  0.00014800858293701,  0.00014771956165234,  
		0.00014743054036766,  0.00014714151908299,  0.00014685249779832,  0.00014656347651364,  
		0.00014627445522897,  0.00014598213981114,  0.00014565251734313,  0.00014533031792138,  
		0.00014509330248154,  0.00014485628704171,  0.00014461927160188,  0.00014438225616205,  
		0.00014414524072222,  0.00014390822528239,  0.00014367120984256,  0.00014343419440273,  
		0.0001431971789629,  0.00014295160425955,  0.00014260087289001,  0.00014226024282996,  
		0.00014204548040265,  0.00014183071797535,  0.00014161595554805,  0.00014140119312075,  
		0.00014118643069344,  0.00014097166826614,  0.00014075690583884,  0.00014054214341153,  
		0.00014032738098423,  0.00014011261855693,  0.00013989785612962,  0.00013967996097815,  
		0.00013941941602475,  0.00013916076996001,  0.00013892837809496,  0.00013869598622991,  
		0.00013846359436485,  0.0001382312024998,  0.00013799881063475,  0.0001377664187697,  
		0.00013753402690465,  0.00013730163503959,  0.00013706924317454,  0.0001368348857498,  
		0.00013657107564152,  0.00013632351190356,  0.00013632351190356,  0.00013632351190356,  
		0.00013632351190356,  0.00013632351190356,  0.00013632351190356,  0.00013632351190356,  
		0.00013632351190356,  0.00013632351190356,  0.00013632351190356,  0.00013632351190356,  
		0.00013632351190356,  0.00013635816955093,  0.00013698018311687,  0.00013737806257461,  
		0.00013390562627083,  0.00013061988009091,  0.00013061988009091,  0.00013069592656653,  
		0.00013213658479901,  0.0001335772430315,  0.00013501790126398,  0.00013646513369178,  
		0.00013803512657428,  0.00013958267074367,  0.00014070236885149,  0.00014182206695932,  
		0.00014294176506715,  0.00014406146317497,  0.0001451811612828,  0.00014630085939063,  
		0.00014742055749845,  0.00014848881297572,  0.00014848881297572,  0.00014855627259094,  
		0.000150056515773,  0.00015156731073423,  0.00015330743102918,  0.00015499069520145,  
		0.00015540891064378,  0.00015582712608611,  0.00015624534152844,  0.00015666355697077,  
		0.0001570817724131,  0.00015751882280314,  0.00015840699316038,  0.00015930888276507,  
		0.00016054792287571,  0.0001617397268531,  0.0001617397268531,  0.0001617397268531,  
		0.0001617397268531,  0.00016161741140696,  0.00015823555461208,  0.00015497270744048,  
		0.00015497270744048,  0.00015497270744048,  0.00015497270744048,  0.00015497270744048,  
		0.00015497270744048,  0.00015497270744048,  0.00015497270744048,  0.00015497270744048,  
		0.00015497270744048,  0.00015497270744048,  0.00015497270744048,  0.00015497270744048,  
		0.00015497270744048,  0.00015497270744048,  0.00015497270744048,  0.00015497270744048,  
		0.00015497270744048,  0.00015497270744048,  0.00015497270744048,  0.00015497270744048,  
		0.00015497270744048,  0.00015497270744048,  0.00015497270744048,  0.00015497270744048,  
		0.00015497270744048,  0.00015497270744048,  0.00015497270744048,  0.00015497270744048,  
		0.00015497270744048,  0.00015497270744048,  0.00015497270744048,  0.00015497270744048,  
		0.00015497270744048,  0.00015497270744048,  0.00015497270744048,  0.00015497270744048,  
		0.00015497270744048,  0.00015497270744048,  0.00015497270744048,  0.00015497270744048,  
		0.00015497270744048,  0.00015497270744048,  0.00015497270744048,  0.00015497270744048,  
		0.00015497270744048,  0.00015497270744048,  0.00015497270744048,  0.00015497270744048,  
		0.00015497270744048,  0.00015497270744048,  0.00015497270744048,  0.00015497270744048,  
		0.00015497270744048,  0.00015497270744048,  0.00015497270744048,  0.00015497270744048,  
		0.00015497270744048,  0.00015497270744048,  0.00015497270744048,  0.00015494450013844,  
		0.00015013515513991,  0.00014535698475781,  0.00014692596627932,  0.00014848881297572,  
		0.00014848881297572,  0.00014848590498388,  0.00014749427976729,  0.00014650346446059,  
		0.00014592610815568,  0.00014534856157665,  0.00014457655486044,  0.00014380454814422 ]
];
prUnarchive(o,p);
