var o, p;
o = [
	Array.prNew(2048)
];
p = [
	// Array
	0, [ 15.123966942149,  15.123966942149,  15.123966942149,  15.123966942149,  
		15.123966942149,  15.123966942149,  15.123966942149,  15.123966942149,  
		15.123966942149,  15.123966942149,  15.123966942149,  15.123966942149,  
		15.123966942149,  15.123966942149,  15.123966942149,  15.123966942149,  
		15.123966942149,  15.123966942149,  15.123966942149,  15.123966942149,  
		15.123966942149,  15.123966942149,  15.123966942149,  15.123966942149,  
		15.123966942149,  15.123966942149,  15.123966942149,  15.123966942149,  
		15.123966942149,  15.123966942149,  15.123966942149,  15.123966942149,  
		15.123966942149,  15.123966942149,  15.123966942149,  15.123966942149,  
		15.123966942149,  15.123966942149,  15.123966942149,  15.123966942149,  
		15.123966942149,  15.123966942149,  15.123966942149,  15.123966942149,  
		15.123966942149,  15.123966942149,  15.123966942149,  15.123966942149,  
		15.123966942149,  15.123966942149,  15.123966942149,  15.123966942149,  
		15.123966942149,  15.123966942149,  15.123966942149,  15.123966942149,  
		15.123966942149,  15.123966942149,  15.123966942149,  15.123966942149,  
		15.123966942149,  15.123966942149,  15.123966942149,  15.123966942149,  
		15.123966942149,  15.123966942149,  15.123966942149,  15.123966942149,  
		15.123966942149,  15.128197393439,  15.132896873024,  15.137596352609,  
		15.142295832194,  15.160730436116,  15.180788008779,  15.200845581441,  
		15.220903154103,  15.223140495868,  15.223140495868,  15.223140495868,  
		15.223140495868,  15.223140495868,  15.223140495868,  15.223140495868,  
		15.223140495868,  15.223140495868,  15.223140495868,  15.223140495868,  
		15.223140495868,  15.223140495868,  15.223140495868,  15.223140495868,  
		15.223140495868,  15.223140495868,  15.223140495868,  15.223140495868,  
		15.223140495868,  15.223140495868,  15.223140495868,  15.223140495868,  
		15.223140495868,  15.223140495868,  15.223140495868,  15.223140495868,  
		15.223140495868,  15.223140495868,  15.223140495868,  15.223140495868,  
		15.223140495868,  15.223140495868,  15.223140495868,  15.223140495868,  
		15.223140495868,  15.223140495868,  15.223140495868,  15.223140495868,  
		15.223140495868,  15.223140495868,  15.223140495868,  15.223140495868,  
		15.223140495868,  15.223140495868,  15.223140495868,  15.223140495868,  
		15.223140495868,  15.223140495868,  15.223140495868,  15.223140495868,  
		15.223140495868,  15.223140495868,  15.223140495868,  15.223140495868,  
		15.223140495868,  15.223140495868,  15.223140495868,  15.223140495868,  
		15.223140495868,  15.223140495868,  15.223140495868,  15.223140495868,  
		15.223140495868,  15.223140495868,  15.223140495868,  15.223140495868,  
		15.223140495868,  15.223140495868,  15.223140495868,  15.223140495868,  
		15.223140495868,  15.223140495868,  15.223140495868,  15.223140495868,  
		15.223140495868,  15.223140495868,  15.223140495868,  15.223140495868,  
		15.223140495868,  15.223140495868,  15.223140495868,  15.223140495868,  
		15.223140495868,  15.223140495868,  15.223140495868,  15.223140495868,  
		15.223140495868,  15.223140495868,  15.223140495868,  15.223140495868,  
		15.223140495868,  15.223140495868,  15.223140495868,  15.223140495868,  
		15.223140495868,  15.223140495868,  15.223140495868,  15.223140495868,  
		15.223140495868,  15.223140495868,  15.223140495868,  15.223140495868,  
		15.223140495868,  15.218586361012,  15.21239709795,  15.206207834888,  
		15.200018571827,  15.193829308765,  15.187640045703,  15.181450782641,  
		15.175261519579,  15.172004354938,  15.169864557532,  15.167724760126,  
		15.165584962721,  15.157628516016,  15.147389787298,  15.13715105858,  
		15.126912329862,  15.123966942149,  15.123966942149,  15.123966942149,  
		15.123966942149,  15.123966942149,  15.123966942149,  15.123966942149,  
		15.123966942149,  15.121076196974,  15.1169500216,  15.112823846225,  
		15.108697670851,  15.104571495476,  15.100445320102,  15.096319144727,  
		15.092192969352,  15.088066793978,  15.083940618603,  15.079814443229,  
		15.075688267854,  15.074380165289,  15.074380165289,  15.074380165289,  
		15.074380165289,  15.065998619225,  15.053620093101,  15.041241566978,  
		15.028863040854,  15.02479338843,  15.02479338843,  15.02479338843,  
		15.02479338843,  15.00832098576,  14.983563933513,  14.958806881265,  
		14.934049829018,  14.921538070226,  14.915348807164,  14.909159544102,  
		14.90297028104,  14.896781017978,  14.890591754916,  14.884402491855,  
		14.878213228793,  14.865975022434,  14.850447360506,  14.834919698578,  
		14.81939203665,  14.80790710092,  14.798677710601,  14.789448320282,  
		14.780218929963,  14.768986664621,  14.756608138497,  14.744229612374,  
		14.73185108625,  14.719472560126,  14.707094034003,  14.694715507879,  
		14.682336981755,  14.669958455632,  14.657579929508,  14.645201403384,  
		14.63282287726,  14.620275825203,  14.607624777711,  14.59497373022,  
		14.582322682729,  14.573885589474,  14.568114192509,  14.562342795544,  
		14.55657139858,  14.550458327728,  14.544123719937,  14.537789112145,  
		14.531454504354,  14.518949240091,  14.502343604753,  14.485737969415,  
		14.469132334077,  14.457556214203,  14.449404797294,  14.441253380385,  
		14.433101963476,  14.415169144929,  14.390412092681,  14.365655040434,  
		14.340897988187,  14.323359724168,  14.310981198044,  14.298602671921,  
		14.286224145797,  14.266189066962,  14.240547834277,  14.214906601592,  
		14.189265368907,  14.17165270223,  14.160061460057,  14.148470217884,  
		14.136878975712,  14.117896508437,  14.093236352676,  14.068576196915,  
		14.043916041154,  14.0192016537,  13.994444601453,  13.969687549205,  
		13.944930496958,  13.92017344471,  13.895416392463,  13.870659340216,  
		13.845902287968,  13.821145235721,  13.796388183473,  13.771631131226,  
		13.746874078979,  13.715406945056,  13.678271366685,  13.641135788313,  
		13.604000209942,  13.580139450193,  13.567760924069,  13.555382397946,  
		13.543003871822,  13.533907714172,  13.52771845111,  13.521529188048,  
		13.515339924986,  13.503128668555,  13.485457171868,  13.46778567518,  
		13.450114178493,  13.429634982861,  13.406549395003,  13.383463807144,  
		13.360378219285,  13.337292631426,  13.314207043567,  13.291121455708,  
		13.268035867849,  13.24195445301,  13.212958179488,  13.183961905965,  
		13.154965632442,  13.131891611483,  13.114716709288,  13.097541807093,  
		13.080366904898,  13.06026557712,  13.037179989261,  13.014094401402,  
		12.991008813543,  12.96257827518,  12.928567608492,  12.894556941804,  
		12.860546275116,  12.831008490555,  12.806251438307,  12.78149438606,  
		12.756737333812,  12.731980281565,  12.707223229318,  12.68246617707,  
		12.657709124823,  12.627114059276,  12.589978480905,  12.552842902534,  
		12.515707324163,  12.484337086726,  12.459580034479,  12.434822982232,  
		12.410065929984,  12.374580815442,  12.32649593412,  12.278411052798,  
		12.230326171476,  12.184836826562,  12.142468837931,  12.1001008493,  
		12.05773286067,  12.013866768927,  11.968155851519,  11.922444934112,  
		11.876734016704,  11.845357901007,  11.832058858263,  11.81875981552,  
		11.805460772776,  11.787563176387,  11.763726640759,  11.739890105131,  
		11.716053569504,  11.681162111859,  11.631648007364,  11.582133902869,  
		11.532619798375,  11.48310569388,  11.433591589385,  11.38407748489,  
		11.334563380395,  11.285049275901,  11.235535171406,  11.186021066911,  
		11.136506962416,  11.086992857921,  11.037478753427,  10.987964648932,  
		10.938450544437,  10.888936439942,  10.839422335448,  10.789908230953,  
		10.740394126458,  10.695845966886,  10.658710388515,  10.621574810143,  
		10.584439231772,  10.547303653401,  10.51016807503,  10.473032496659,  
		10.435896918288,  10.398761339917,  10.361625761546,  10.324490183175,  
		10.287354604804,  10.231227315119,  10.144577632254,  10.057927949388,  
		9.9712782665219,  9.8986543500466,  9.8491402455518,  9.7996261410571,  
		9.7501120365623,  9.7005979320675,  9.6510838275727,  9.6015697230779,  
		9.5520556185831,  9.4934816926201,  9.4192105358779,  9.3449393791358,  
		9.2706682223936,  9.214226019129,  9.1894689668816,  9.1647119146342,  
		9.1399548623868,  9.1151978101394,  9.090440757892,  9.0656837056446,  
		9.0409266533972,  9.0075458138699,  8.9580317093751,  8.9085176048804,  
		8.8590035003856,  8.8052501746155,  8.7433575439971,  8.6814649133786,  
		8.6195722827601,  8.5701792988732,  8.5454222466258,  8.5206651943784,  
		8.495908142131,  8.462963336792,  8.4134492322972,  8.3639351278024,  
		8.3144210233076,  8.2649069188129,  8.2153928143181,  8.1658787098233,  
		8.1163646053285,  8.0668505008337,  8.0173363963389,  7.9678222918441,  
		7.9183081873494,  7.875772146838,  7.8485442341901,  7.8213163215423,  
		7.7940884088945,  7.7493628585924,  7.6651840361269,  7.5810052136615,  
		7.496826391196,  7.4193639553146,  7.3574713246961,  7.2955786940776,  
		7.2336860634591,  7.1717934328406,  7.1099008022222,  7.0480081716037,  
		6.9861155409852,  6.9313932503523,  6.8942576719812,  6.8571220936101,  
		6.819986515239,  6.7758259416118,  6.7139333109933,  6.6520406803748,  
		6.5901480497563,  6.5248155938745,  6.4505444371323,  6.3762732803902,  
		6.302002123648,  6.234465272703,  6.1849511682083,  6.1354370637135,  
		6.0859229592187,  6.0462922963256,  6.0339137702019,  6.0215352440782,  
		6.0091567179545,  5.9903345754925,  5.9531989971214,  5.9160634187503,  
		5.8789278403792,  5.8354939903992,  5.7736013597807,  5.7117087291622,  
		5.6498160985437,  5.5984412401938,  5.578868149963,  5.5592950597322,  
		5.5397219695014,  5.5086216105854,  5.4415450179503,  5.3744684253152,  
		5.3073918326802,  5.2503361096868,  5.2255790574394,  5.200822005192,  
		5.1760649529446,  5.1513079006973,  5.1265508484499,  5.1017937962025,  
		5.0770367439551,  5.0549509818263,  5.0420637491496,  5.0291765164729,  
		5.0162892837961,  4.9954857409243,  4.9464803429826,  4.8974749450408,  
		4.8484695470991,  4.8072769261205,  4.7948983999968,  4.7825198738731,  
		4.7701413477494,  4.7577628216257,  4.745384295502,  4.7330057693783,  
		4.7206272432546,  4.7057536326089,  4.6809965803615,  4.6562395281141,  
		4.6314824758667,  4.6115702479339,  4.6115702479339,  4.6115702479339,  
		4.6115702479339,  4.6092205081413,  4.5968419820176,  4.5844634558939,  
		4.5720849297702,  4.5597064036465,  4.5473278775228,  4.5349493513991,  
		4.5225708252754,  4.5123966942149,  4.5123966942149,  4.5123966942149,  
		4.5123966942149,  4.5102649715165,  4.4978864453928,  4.4855079192691,  
		4.4731293931454,  4.4628099173554,  4.4628099173554,  4.4628099173554,  
		4.4628099173554,  4.4608235393864,  4.4484450132627,  4.436066487139,  
		4.4236879610153,  4.4113094348916,  4.3989309087679,  4.3865523826442,  
		4.3741738565205,  4.3636363636364,  4.3636363636364,  4.3636363636364,  
		4.3636363636364,  4.3600996418867,  4.3353425896393,  4.310585537392,  
		4.2858284851446,  4.2644628099174,  4.2644628099174,  4.2644628099174,  
		4.2644628099174,  4.2644628099174,  4.2644628099174,  4.2644628099174,  
		4.2644628099174,  4.2629124661367,  4.250533940013,  4.2381554138893,  
		4.2257768877656,  4.2148760330579,  4.2148760330579,  4.2148760330579,  
		4.2148760330579,  4.2134710340066,  4.2010925078829,  4.1887139817592,  
		4.1763354556355,  4.1652892561983,  4.1652892561983,  4.1652892561983,  
		4.1652892561983,  4.1652892561983,  4.1652892561983,  4.1652892561983,  
		4.1652892561983,  4.1641022742413,  4.1517237481176,  4.1393452219939,  
		4.1269666958702,  4.1157024793388,  4.1157024793388,  4.1157024793388,  
		4.1157024793388,  4.1157024793388,  4.1157024793388,  4.1157024793388,  
		4.1157024793388,  4.1157024793388,  4.1157024793388,  4.1157024793388,  
		4.1157024793388,  4.1157024793388,  4.1157024793388,  4.1157024793388,  
		4.1157024793388,  4.1155396894494,  4.1130930531706,  4.1106464168917,  
		4.1081997806129,  4.1052990487165,  4.0953671588717,  4.0854352690268,  
		4.075503379182,  4.0661157024793,  4.0661157024793,  4.0661157024793,  
		4.0661157024793,  4.0661157024793,  4.0661157024793,  4.0661157024793,  
		4.0661157024793,  4.0661157024793,  4.0661157024793,  4.0661157024793,  
		4.0661157024793,  4.0661157024793,  4.0661157024793,  4.0661157024793,  
		4.0661157024793,  4.0661157024793,  4.0661157024793,  4.0661157024793,  
		4.0661157024793,  4.0661157024793,  4.0661157024793,  4.0661157024793,  
		4.0661157024793,  4.0661157024793,  4.0661157024793,  4.0661157024793,  
		4.0661157024793,  4.0661157024793,  4.0661157024793,  4.0661157024793,  
		4.0661157024793,  4.0661157024793,  4.0661157024793,  4.0661157024793,  
		4.0661157024793,  4.0661157024793,  4.0661157024793,  4.0661157024793,  
		4.0661157024793,  4.0661157024793,  4.0661157024793,  4.0661157024793,  
		4.0661157024793,  4.0661157024793,  4.0661157024793,  4.0661157024793,  
		4.0661157024793,  4.0661157024793,  4.0661157024793,  4.0661157024793,  
		4.0661157024793,  4.0661157024793,  4.0661157024793,  4.0661157024793,  
		4.0661157024793,  4.0661157024793,  4.0661157024793,  4.0661157024793,  
		4.0661157024793,  4.0661157024793,  4.0780824185363,  4.09046094466,  
		4.1028394707837,  4.1152179969074,  4.1275965230311,  4.1399750491548,  
		4.1523535752785,  4.1647321014022,  4.1652892561983,  4.1652892561983,  
		4.1652892561983,  4.1652892561983,  4.1770379551612,  4.1894164812848,  
		4.2017950074085,  4.2141735335322,  4.2170543393899,  4.2193637056465,  
		4.2216730719031,  4.2239824381597,  4.233565661832,  4.2436348216991,  
		4.2537039815662,  4.2637731414333,  4.275993491786,  4.2883720179097,  
		4.3007505440334,  4.3131290701571,  4.3140495867769,  4.3140495867769,  
		4.3140495867769,  4.3140495867769,  4.3140495867769,  4.3140495867769,  
		4.3140495867769,  4.3140495867769,  4.3140495867769,  4.3140495867769,  
		4.3140495867769,  4.3140495867769,  4.3140495867769,  4.3140495867769,  
		4.3140495867769,  4.3140495867769,  4.3140495867769,  4.3140495867769,  
		4.3140495867769,  4.3140495867769,  4.3140495867769,  4.3140495867769,  
		4.3140495867769,  4.3140495867769,  4.3140495867769,  4.3140495867769,  
		4.3140495867769,  4.3140495867769,  4.3249988897278,  4.3373774158515,  
		4.3497559419752,  4.3621344680989,  4.3636363636364,  4.3636363636364,  
		4.3636363636364,  4.3636363636364,  4.3744403218578,  4.3868188479815,  
		4.3991973741052,  4.4115759002289,  4.4132231404959,  4.4132231404959,  
		4.4132231404959,  4.4132231404959,  4.4132231404959,  4.4132231404959,  
		4.4132231404959,  4.4132231404959,  4.4238090816232,  4.4361876077469,  
		4.4485661338706,  4.4609446599943,  4.473323186118,  4.4857017122417,  
		4.4980802383654,  4.5104587644891,  4.5123966942149,  4.5123966942149,  
		4.5123966942149,  4.5123966942149,  4.5331325422812,  4.5578895945286,  
		4.582646646776,  4.6074036990234,  4.6213819652774,  4.6331791124833,  
		4.6449762596893,  4.6567734068952,  4.6695307963841,  4.6824907014256,  
		4.695450606467,  4.7084105115084,  4.7310436155309,  4.7558006677783,  
		4.7805577200257,  4.8053147722731,  4.814955972659,  4.8211452357209,  
		4.8273344987827,  4.8335237618446,  4.849717587116,  4.8682853763015,  
		4.8868531654871,  4.9054209546726,  4.9388865786254,  4.9760221569965,  
		5.0131577353676,  5.0502933137387,  5.0644240513228,  5.072676402072,  
		5.0809287528211,  5.0891811035702,  5.0974334543194,  5.1056858050685,  
		5.1139381558176,  5.1221905065668,  5.1393203104951,  5.1588853260187,  
		5.1784503415423,  5.198015357066,  5.2224544301885,  5.2482773437851,  
		5.2741002573817,  5.2999231709783,  5.3215142111252,  5.3418624732463,  
		5.3622107353675,  5.3825589974886,  5.4001755751058,  5.4169628913558,  
		5.4337502076057,  5.4505375238556,  5.4686802294832,  5.4872480186687,  
		5.5058158078543,  5.5243835970398,  5.5451837978361,  5.5667069298536,  
		5.588230061871,  5.6097531938884,  5.6407629612265,  5.6749431967657,  
		5.7091234323049,  5.7433036678441,  5.7566686988013,  5.7628579618632,  
		5.769047224925,  5.7752364879869,  5.7928458362919,  5.8145143130387,  
		5.8361827897856,  5.8578512665324,  5.8858403427968,  5.9161447188843,  
		5.9464490949719,  5.9767534710594,  5.9992842269831,  6.0188815413355,  
		6.0384788556879,  6.0580761700403,  6.071218775208,  6.0818531645785,  
		6.0924875539489,  6.1031219433194,  6.1225981370639,  6.1456110525581,  
		6.1686239680522,  6.1916368835464,  6.2085062584156,  6.2228469383867,  
		6.2371876183578,  6.2515282983289,  6.2718084389966,  6.2946033373966,  
		6.3173982357966,  6.3401931341966,  6.3509383572192,  6.3564372328162,  
		6.3619361084132,  6.3674349840102,  6.3835516334109,  6.4044207141459,  
		6.4252897948809,  6.4461588756158,  6.4764521351544,  6.5110805169428,  
		6.5457088987311,  6.5803372805194,  6.6149656623077,  6.649594044096,  
		6.6842224258843,  6.7188508076726,  6.7549305509209,  6.7917148795292,  
		6.8284992081375,  6.8652835367458,  6.9213287204053,  6.9869760898676,  
		7.0526234593299,  7.1182708287921,  7.1650591270434,  7.2021947054145,  
		7.2393302837856,  7.2764658621567,  7.2968525067901,  7.3084397116091,  
		7.3200269164281,  7.331614121247,  7.34422957919,  7.3573994266184,  
		7.3705692740468,  7.3837391214752,  7.4203086960559,  7.4698228005507,  
		7.5193369050455,  7.5688510095403,  7.6183651140351,  7.6678792185298,  
		7.7173933230246,  7.7669074275194,  7.8085971407462,  7.8457327191173,  
		7.8828682974884,  7.9200038758595,  7.9648911731338,  8.0144052776286,  
		8.0639193821234,  8.1134334866182,  8.1475894980358,  8.1723465502832,  
		8.1971036025306,  8.221860654778,  8.2428145199385,  8.261382309124,  
		8.2799500983096,  8.2985178874951,  8.3321530802989,  8.3754779217319,  
		8.4188027631648,  8.4621276045977,  8.5017219313085,  8.5388575096796,  
		8.5759930880506,  8.6131286664217,  8.6576526018725,  8.7071667063673,  
		8.7566808108621,  8.8061949153569,  8.8483933351367,  8.8855289135078,  
		8.9226644918789,  8.95980007025,  8.9943701197846,  9.0271211321511,  
		9.0598721445175,  9.0926231568839,  9.1331478842248,  9.1793190599426,  
		9.2254902356603,  9.2716614113781,  9.3185826341634,  9.366061912446,  
		9.4135411907287,  9.4610204690114,  9.5275126013825,  9.6084938398004,  
		9.6894750782182,  9.770456316636,  9.8421315103225,  9.9065434495846,  
		9.9709553888466,  10.035367328109,  10.090857711437,  10.139217132803,  
		10.18757655417,  10.235935975536,  10.279051403942,  10.317874596116,  
		10.35669778829,  10.395520980464,  10.443975591725,  10.500502579415,  
		10.557029567105,  10.613556554795,  10.659915100064,  10.697547272927,  
		10.73517944579,  10.772811618654,  10.832538086604,  10.911678291783,  
		10.990818496961,  11.069958702139,  11.126986882638,  11.164122461009,  
		11.20125803938,  11.238393617751,  11.288416428799,  11.350309059418,  
		11.412201690036,  11.474094320655,  11.542357895247,  11.616629051989,  
		11.690900208731,  11.765171365473,  11.826845978998,  11.876360083492,  
		11.925874187987,  11.975388292482,  12.018676797733,  12.055812376104,  
		12.092947954475,  12.130083532846,  12.154913257458,  12.167291783582,  
		12.179670309705,  12.192048835829,  12.27739041613,  12.438311255738,  
		12.599232095346,  12.760152934954,  12.848982788762,  12.861361314885,  
		12.873739841009,  12.886118367133,  12.904431803042,  12.929188855289,  
		12.953945907537,  12.978702959784,  12.9968865051,  13.007763135686,  
		13.018639766272,  13.029516396858,  13.041797931685,  13.055678353346,  
		13.069558775008,  13.083439196669,  13.108059768983,  13.145195347354,  
		13.182330925725,  13.219466504096,  13.250957862141,  13.275714914388,  
		13.300471966635,  13.325229018883,  13.372272262977,  13.446543419719,  
		13.520814576461,  13.595085733204,  13.652860263155,  13.689995841526,  
		13.727131419897,  13.764266998268,  13.801115869228,  13.837597396316,  
		13.874078923405,  13.910560450493,  13.931547120139,  13.932201171422,  
		13.932855222704,  13.933509273987,  13.948021703454,  13.981160301766,  
		14.014298900077,  14.047437498389,  14.068314946164,  14.072311926223,  
		14.076308906283,  14.080305886342,  14.091393091386,  14.112480189216,  
		14.133567287045,  14.154654384874,  14.173680678372,  14.189729158914,  
		14.205777639456,  14.221826119998,  14.236395127722,  14.248773653845,  
		14.261152179969,  14.273530706093,  14.290826728896,  14.315583781143,  
		14.340340833391,  14.365097885638,  14.380165289256,  14.380165289256,  
		14.380165289256,  14.380165289256,  14.399253897056,  14.44876800155,  
		14.498282106045,  14.54779621054,  14.59261083545,  14.629746413821,  
		14.666881992192,  14.704017570563,  14.736526341714,  14.761283393961,  
		14.786040446208,  14.810797498456,  14.844662820414,  14.894176924909,  
		14.943691029404,  14.993205133899,  15.038237775903,  15.075373354274,  
		15.112508932645,  15.149644511016,  15.184575694324,  15.215522009633,  
		15.246468324942,  15.277414640252,  15.299688720038,  15.3058779831,  
		15.312067246161,  15.318256509223,  15.335104385777,  15.372239964148,  
		15.409375542519,  15.44651112089,  15.475265153197,  15.487643679321,  
		15.500022205445,  15.512400731568,  15.52889735836,  15.553654410607,  
		15.578411462854,  15.603168515102,  15.627925567349,  15.652682619597,  
		15.677439671844,  15.702196724091,  15.722981020401,  15.735359546524,  
		15.747738072648,  15.760116598772,  15.776395208469,  15.801152260716,  
		15.825909312964,  15.850666365211,  15.87159600625,  15.883974532374,  
		15.896353058497,  15.908731584621,  15.917355371901,  15.917355371901,  
		15.917355371901,  15.917355371901,  15.92103743838,  15.933415964504,  
		15.945794490627,  15.958173016751,  15.970035915144,  15.980646080393,  
		15.991256245642,  16.001866410891,  16.017023789818,  16.04354920294,  
		16.070074616062,  16.096600029184,  16.119166528724,  16.131545054847,  
		16.143923580971,  16.156302107095,  16.168680633219,  16.181059159342,  
		16.193437685466,  16.20581621159,  16.218194737713,  16.230573263837,  
		16.242951789961,  16.255330316084,  16.267540505896,  16.279277092798,  
		16.2910136797,  16.302750266602,  16.317989348608,  16.343388340077,  
		16.368787331546,  16.394186323015,  16.413223140496,  16.413223140496,  
		16.413223140496,  16.413223140496,  16.422307186086,  16.459442764457,  
		16.496578342828,  16.533713921199,  16.561983471074,  16.561983471074,  
		16.561983471074,  16.561983471074,  16.564866141542,  16.577244667665,  
		16.589623193789,  16.602001719913,  16.617190244139,  16.641947296386,  
		16.666704348634,  16.691461400881,  16.717587115997,  16.748533431306,  
		16.779479746616,  16.810426061925,  16.836043070488,  16.84223233355,  
		16.848421596612,  16.854610859674,  16.86209611324,  16.874474639363,  
		16.886853165487,  16.899231691611,  16.914129526378,  16.938886578625,  
		16.963643630873,  16.98840068312,  17.010711099089,  17.023089625212,  
		17.035468151336,  17.04784667746,  17.064973131412,  17.102108709783,  
		17.139244288154,  17.176379866525,  17.206611570248,  17.206611570248,  
		17.206611570248,  17.206611570248,  17.208840189433,  17.221218715556,  
		17.23359724168,  17.245975767804,  17.256198347107,  17.256198347107,  
		17.256198347107,  17.256198347107,  17.256198347107,  17.256198347107,  
		17.256198347107,  17.256198347107,  17.258208949198,  17.270587475322,  
		17.282966001445,  17.295344527569,  17.305785123967,  17.305785123967,  
		17.305785123967,  17.305785123967,  17.305785123967,  17.305785123967,  
		17.305785123967,  17.305785123967,  17.305785123967,  17.305785123967,  
		17.305785123967,  17.305785123967,  17.305785123967,  17.305785123967,  
		17.305785123967,  17.305785123967,  17.305785123967,  17.305785123967,  
		17.305785123967,  17.305785123967,  17.305785123967,  17.305785123967,  
		17.305785123967,  17.305785123967,  17.305785123967,  17.305785123967,  
		17.305785123967,  17.305785123967,  17.305785123967,  17.305785123967,  
		17.305785123967,  17.305785123967,  17.305785123967,  17.305785123967,  
		17.305785123967,  17.305785123967,  17.305785123967,  17.305785123967,  
		17.305785123967,  17.305785123967,  17.305785123967,  17.305785123967,  
		17.305785123967,  17.305785123967,  17.305785123967,  17.305785123967,  
		17.305785123967,  17.305785123967,  17.305785123967,  17.305785123967,  
		17.305785123967,  17.305785123967,  17.305785123967,  17.305785123967,  
		17.305785123967,  17.305785123967,  17.305785123967,  17.305785123967,  
		17.305785123967,  17.305785123967,  17.305785123967,  17.305785123967,  
		17.305785123967,  17.305785123967,  17.305785123967,  17.305785123967,  
		17.305785123967,  17.305785123967,  17.305785123967,  17.305785123967,  
		17.305785123967,  17.305785123967,  17.305785123967,  17.305785123967,  
		17.305785123967,  17.305785123967,  17.305785123967,  17.305785123967,  
		17.305785123967,  17.305785123967,  17.305785123967,  17.305785123967,  
		17.305785123967,  17.305785123967,  17.305785123967,  17.305785123967,  
		17.305785123967,  17.305785123967,  17.305729154079,  17.303686253159,  
		17.30164335224,  17.299600451321,  17.297379037746,  17.287043412541,  
		17.276707787337,  17.266372162133,  17.256198347107,  17.256198347107,  
		17.256198347107,  17.256198347107,  17.256198347107,  17.256198347107,  
		17.256198347107,  17.256198347107,  17.256166048279,  17.24791369753,  
		17.23966134678,  17.231408996031,  17.223156645282,  17.214904294533,  
		17.206651943784,  17.198399593035,  17.190147242286,  17.181894891536,  
		17.173642540787,  17.165390190038,  17.157137839289,  17.150920314752,  
		17.14473105169,  17.138541788628,  17.132352525567,  17.114026977597,  
		17.095459188411,  17.076891399226,  17.05832361004,  17.045787627126,  
		17.033409101002,  17.021030574879,  17.008652048755,  16.996273522631,  
		16.983894996508,  16.971516470384,  16.95913794426,  16.946759418137,  
		16.934380892013,  16.922002365889,  16.909623839766,  16.902182910179,  
		16.894964121951,  16.887745333722,  16.880526545493,  16.863493148196,  
		16.845954884177,  16.828416620159,  16.81087835614,  16.791142001967,  
		16.771278222277,  16.751414442587,  16.731550662898,  16.711391073974,  
		16.691212380704,  16.671033687433,  16.650854994163,  16.63931421496,  
		16.628389136131,  16.617464057302,  16.606538978472,  16.594697118563,  
		16.582783695573,  16.570870272584,  16.558956849594,  16.550721577404,  
		16.542798674708,  16.534875772013,  16.526952869317,  16.519029966621,  
		16.511107063925,  16.50318416123,  16.495261258534,  16.481371921511,  
		16.466892356576,  16.452412791641,  16.437933226707,  16.420089628144,  
		16.401889238135,  16.383688848127,  16.365488458119,  16.352517491834,  
		16.340138965711,  16.327760439587,  16.315381913463,  16.30085251289,  
		16.286063686669,  16.271274860449,  16.256486034229,  16.244109522832,  
		16.232041872935,  16.219974223038,  16.207906573141,  16.186513110492,  
		16.163855482114,  16.141197853737,  16.118540225359,  16.110288388167,  
		16.104099125105,  16.097909862044,  16.091720598982,  16.078680223399,  
		16.064606008766,  16.050531794132,  16.036457579498,  16.02190775908,  
		16.007282445681,  15.992657132281,  15.978031818881,  15.959309168347,  
		15.939903628291,  15.920498088234,  15.901092548177,  15.881200688733,  
		15.861223863143,  15.841247037552,  15.821270211962,  15.807716997662,  
		15.795338471539,  15.782959945415,  15.770581419291,  15.758202893168,  
		15.745824367044,  15.73344584092,  15.721067314796,  15.708082948607,  
		15.694977698836,  15.681872449065,  15.668767199294,  15.636371489846,  
		15.599962635122,  15.563553780398,  15.527144925674,  15.510487025964,  
		15.498108499841,  15.485729973717,  15.473351447593,  15.460972921469,  
		15.448594395346,  15.436215869222,  15.423837343098,  15.398093643801,  
		15.369218490887,  15.340343337972,  15.311468185057,  15.289217452394,  
		15.268578500814,  15.247939549234,  15.227300597654,  15.193490171063,  
		15.156354592692,  15.11921901432,  15.082083435949,  15.064569396052,  
		15.052190869929,  15.039812343805,  15.027433817681,  15.010186243121,  
		14.991618453936,  14.97305066475,  14.954482875565,  14.926249661872,  
		14.895303346562,  14.864357031253,  14.833410715944,  14.807260776706,  
		14.782503724459,  14.757746672211,  14.732989619964,  14.708232567717,  
		14.683475515469,  14.658718463222,  14.633961410974,  14.613928062434,  
		14.595360273248,  14.576792484063,  14.558224694877,  14.536996755824,  
		14.514916469011,  14.492836182197,  14.470755895384,  14.447920157295,  
		14.424834569436,  14.401748981578,  14.378663393719,  14.359632596714,  
		14.341985324149,  14.324338051583,  14.306690779017,  14.280997779716,  
		14.252473876564,  14.223949973412,  14.19542607026,  14.17365742606,  
		14.154338689105,  14.135019952151,  14.115701215197,  14.092269165513,  
		14.067300152202,  14.042331138891,  14.01736212558,  13.999055593071,  
		13.983312942064,  13.967570291057,  13.95182764005,  13.934083915423,  
		13.915547415727,  13.897010916032,  13.878474416337,  13.857503682782,  
		13.835540479222,  13.813577275663,  13.791614072104,  13.776596696906,  
		13.764492710827,  13.752388724748,  13.740284738668,  13.727797148691,  
		13.715144082523,  13.702491016355,  13.689837950187,  13.673087404668,  
		13.654519615482,  13.635951826297,  13.617384037111,  13.593175535593,  
		13.566395769195,  13.539616002796,  13.512836236397,  13.484596480769,  
		13.455672879611,  13.426749278453,  13.397825677295,  13.380072430124,  
		13.367693904,  13.355315377876,  13.342936851752,  13.322273676051,  
		13.297516623803,  13.272759571556,  13.248002519309,  13.235579503287,  
		13.229414464346,  13.223249425406,  13.217084386466,  13.210887491146,  
		13.204674003963,  13.19846051678,  13.192247029596,  13.169916063419,  
		13.13896974811,  13.1080234328,  13.077077117491,  13.042303296163,  
		13.005430145775,  12.968556995388,  12.931683845,  12.90635675951,  
		12.887526542341,  12.868696325172,  12.849866108002,  12.823472702911,  
		12.792714124544,  12.761955546177,  12.73119696781,  12.692426581219,  
		12.648914002844,  12.605401424468,  12.561888846093,  12.532615761021,  
		12.511984884148,  12.491354007275,  12.470723130402,  12.45009225353,  
		12.429461376657,  12.408830499784,  12.388199622911,  12.359333416962,  
		12.325214549197,  12.291095681432,  12.256976813668,  12.226737777921,  
		12.199035072491,  12.17133236706,  12.143629661629,  12.112706617595,  
		12.079626157175,  12.046545696755,  12.013465236335,  11.990213454885,  
		11.973708753386,  11.957204051888,  11.94069935039,  11.924194648892,  
		11.907689947393,  11.891185245895,  11.874680544397,  11.856165307175,  
		11.836201401117,  11.816237495058,  11.796273588999,  11.774215391487,  
		11.750611407426,  11.727007423366,  11.703403439305,  11.679799455245,  
		11.656195471184,  11.632591487124,  11.608987503063,  11.579608412571,  
		11.545757625085,  11.5119068376,  11.478056050114,  11.452134585585,  
		11.43250093505,  11.412867284516,  11.393233633981,  11.359937578879,  
		11.315546876097,  11.271156173315,  11.226765470533,  11.206611570248,  
		11.206611570248,  11.206611570248,  11.206611570248,  11.189393197369,  
		11.157514253379,  11.125635309389,  11.0937563654,  11.055503656819,  
		11.011694332955,  10.96788500909,  10.924075685226,  10.894265746688,  
		10.876951555794,  10.8596373649,  10.842323174006,  10.82443940812,  
		10.806035131755,  10.78763085539,  10.769226579025,  10.736364341913,  
		10.689975149101,  10.643585956289,  10.597196763477,  10.553937886555,  
		10.513677396501,  10.473416906447,  10.433156416393,  10.397739233684,  
		10.367071495772,  10.336403757861,  10.30573601995,  10.279492621112,  
		10.257690911697,  10.235889202281,  10.214087492866,  10.19059739536,  
		10.165372010096,  10.140146624831,  10.114921239567,  10.07952873923,  
		10.033438310584,  9.9873478819383,  9.9412574532925,  9.909409860025,  
		9.8929051585267,  9.8764004570284,  9.8598957555302,  9.8433910540319,  
		9.8268863525336,  9.8103816510354,  9.7938769495371,  9.7734925961611,  
		9.7487274692065,  9.723962342252,  9.6991972152974,  9.6763514114782,  
		9.6557245719589,  9.6350977324397,  9.6144708929205,  9.5915922056068,  
		9.5660478694083,  9.5405035332098,  9.5149591970113,  9.4863979621651,  
		9.4541798804733,  9.4219617987815,  9.3897437170897,  9.364747097287,  
		9.3487139586886,  9.3326808200903,  9.316647681492,  9.3006145428937,  
		9.2845814042954,  9.2685482656971,  9.2525151270988,  9.2358673879303,  
		9.2184195606321,  9.200971733334,  9.1835239060358,  9.1629435537594,  
		9.138186501512,  9.1134294492646,  9.0886723970172,  9.0623794122082,  
		9.0339887417249,  9.0055980712416,  8.9772074007583,  8.9562483684173,  
		8.9456866514116,  8.9351249344058,  8.9245632174001,  8.9123887712047,  
		8.8979027465042,  8.8834167218037,  8.8689306971031,  8.8468592987882,  
		8.8136480281119,  8.7804367574356,  8.7472254867593,  8.7220989099959,  
		8.7091390049545,  8.696179099913,  8.6832191948716,  8.665847607979,  
		8.6416719346494,  8.6174962613197,  8.5933205879901,  8.5689196445514,  
		8.544162592304,  8.5194055400566,  8.4946484878092,  8.4715830946192,  
		8.4512590566196,  8.4309350186201,  8.4106109806205,  8.388070648821,  
		8.3618480372184,  8.3356254256159,  8.3094028140133,  8.2809223815453,  
		8.2485952913064,  8.2162682010675,  8.1839411108286,  8.1515390727694,  
		8.1190060774971,  8.0864730822248,  8.0539400869526,  8.0264820688525,  
		8.0081201847003,  7.9897583005481,  7.971396416396,  7.9528894719463,  
		7.9341157777274,  7.9153420835085,  7.8965683892896,  7.8671468425876,  
		7.8176327380928,  7.7681186335981,  7.7186045291033,  7.6778201153866,  
		7.653943206223,  7.6300662970595,  7.6061893878959,  7.5775810953628,  
		7.5395653739079,  7.501549652453,  7.4635339309981,  7.425536792431,  
		7.3875775939264,  7.3496183954219,  7.3116591969173,  7.268486716202,  
		7.2143821406692,  7.1602775651364,  7.1061729896035,  7.0513158071155,  
		6.9948372676686,  6.9383587282216,  6.8818801887746,  6.8355633838955,  
		6.8117429976823,  6.787922611469,  6.7641022252558,  6.73970994119,  
		6.7140162229084,  6.6883225046269,  6.6626287863454,  6.6372155179723,  
		6.6124584657249,  6.5877014134775,  6.5629443612301,  6.5348274565043,  
		6.4986245068138,  6.4624215571232,  6.4262186074327,  6.3896114799329,  
		6.3520035311911,  6.3143955824494,  6.2767876337076,  6.2287182776299,  
		6.1539868625778,  6.0792554475258,  6.0045240324737,  5.9401664197152,  
		5.9030308413441,  5.865895262973,  5.8287596846019,  5.7882811774538,  
		5.738767072959,  5.6892529684642,  5.6397388639694,  5.5984004005055,  
		5.5798326113199,  5.5612648221344,  5.5426970329488,  5.5215511525155,  
		5.493003025242,  5.4644548979685,  5.4359067706949,  5.401460449061,  
		5.3495481565305,  5.297635864,  5.2457235714695,  5.1974548522934,  
		5.1603192739223,  5.1231836955512,  5.0860481171801,  5.0518921057625,  
		5.0271350535151,  5.0023780012677,  4.9776209490203,  4.9441432130067,  
		4.8822505823883,  4.8203579517698,  4.7584653211513,  4.7022411349808,  
		4.6651055566098,  4.6279699782387,  4.5908343998676,  4.5564603713558,  
		4.5317033191084,  4.506946266861,  4.4821892146136,  4.4493655298825,  
		4.387472899264,  4.3255802686455,  4.263687638027,  4.2094106730263,  
		4.1835514232473,  4.1576921734684,  4.1318329236894,  4.1013395662699,  
		4.0529276593067,  4.0045157523434,  3.9561038453802,  3.9124136511,  
		3.8876565988526,  3.8628995466052,  3.8381424943578,  3.8037926899676,  
		3.7295215332254,  3.6552503764832,  3.580979219741,  3.5113590943408,  
		3.4618449898461,  3.4123308853513,  3.3628167808565,  3.3200612062805,  
		3.3076826801568,  3.2953041540331,  3.2829256279094,  3.2641900475726,  
		3.2157175803054,  3.1672451130383,  3.1187726457711,  3.0762679875855,  
		3.0628478242342,  3.0494276608829,  3.0360074975315,  3.0173748341574,  
		2.9722452956673,  2.9271157571772,  2.8819862186871,  2.8364266190797,  
		2.7885839789735,  2.7407413388672,  2.6928986987609,  2.6457660008165,  
		2.6025743920522,  2.5593827832879,  2.5161911745236,  2.4720716065034,  
		2.4225575020086,  2.3730433975138,  2.323529293019,  2.2775034620307,  
		2.2527464097833,  2.2279893575359,  2.2032323052885,  2.1794483658701,  
		2.1618979897906,  2.1443476137111,  2.1267972376316,  2.1089840464249,  
		2.0893988441333,  2.0698136418417,  2.0502284395501,  2.030768671751,  
		2.0122008825655,  1.99363309338,  1.9750653041944,  1.9556755066565,  
		1.9301069463364,  1.9045383860163,  1.8789698256962,  1.8528919188512,  
		1.8227571116147,  1.7926223043781,  1.7624874971416,  1.7342290875177,  
		1.721850561394,  1.7094720352703,  1.6970935091466,  1.6847149830229,  
		1.6723364568992,  1.6599579307755,  1.6475794046518,  1.6351712976047,  
		1.6224778579006,  1.6097844181965,  1.5970909784923,  1.5844530030196,  
		1.5723893904763,  1.5603257779331,  1.5482621653898,  1.5361726695386,  
		1.5237941434149,  1.5114156172912,  1.4990370911675,  1.4866585650438,  
		1.4742800389201,  1.4619015127964,  1.4495229866727,  1.4369328431739,  
		1.4215505259751,  1.4061682087764,  1.3907858915777,  1.3749921435548,  
		1.3532388823825,  1.3314856212101,  1.3097323600377,  1.2888928365235,  
		1.2827035734617,  1.2765143103998,  1.270325047338,  1.2634817329937,  
		1.2449139438081,  1.2263461546226,  1.207778365437,  1.1900826446281,  
		1.1900826446281,  1.1900826446281,  1.1900826446281,  1.1895739380751,  
		1.1771954119514,  1.1648168858277,  1.152438359704,  1.1400598335803,  
		1.1276813074566,  1.1153027813329,  1.1029242552092,  1.0908109618843,  
		1.0874680331073,  1.0841251043302,  1.0807821755532,  1.0773055637569,  
		1.0682699664102,  1.0592343690636,  1.0501987717169,  1.0408862798613,  
		1.0161292276139,  0.99137217536649,  0.9666151231191,  0.94200341560114,  
		0.92962488947745,  0.91724636335375,  0.90486783723005,  0.89190793218861,  
		0.78050119707535,  0.66909446196209,  0.5576877268488,  0.44628099173554 ]
];
prUnarchive(o,p);
