var o, p;
o = [
	Array.prNew(2048)
];
p = [
	// Array
	0, [ 0.052631578947368,  0.052631578947368,  0.052631578947368,  0.052631578947368,  
		0.052631578947368,  0.052631578947368,  0.052631578947368,  0.052631578947368,  
		0.052631578947368,  0.052631578947368,  0.052631578947368,  0.052631578947368,  
		0.052631578947368,  0.052631578947368,  0.052631578947368,  0.052631578947368,  
		0.052631578947368,  0.052631578947368,  0.052631578947368,  0.052631578947368,  
		0.052631578947368,  0.052631578947368,  0.052631578947368,  0.052631578947368,  
		0.052631578947368,  0.052631578947368,  0.052631578947368,  0.052631578947368,  
		0.052631578947368,  0.052631578947368,  0.052631578947368,  0.052631578947368,  
		0.052631578947368,  0.033652528094404,  0.014371923305344,  0.014051522248244,  
		0.014051522248244,  0.01687711770569,  0.019753320842971,  0.02467082118231,  
		0.029626951647982,  0.033279097271185,  0.036905241202614,  0.03903203699981,  
		0.041127409333116,  0.046182102426721,  0.051301835537036,  0.055941795495907,  
		0.060570720672295,  0.065199645848682,  0.06982857102507,  0.079230006634055,  
		0.088750994107584,  0.091302691098939,  0.093672641297378,  0.095985783670642,  
		0.09829738607274,  0.10079927053277,  0.10330650966378,  0.10549026090866,  
		0.10766457437819,  0.10772833723653,  0.10772833723653,  0.10772833723653,  
		0.10772833723653,  0.10772833723653,  0.10772833723653,  0.10772833723653,  
		0.10772833723653,  0.10772833723653,  0.10772833723653,  0.10772833723653,  
		0.10772833723653,  0.10772833723653,  0.10772833723653,  0.10772833723653,  
		0.10772833723653,  0.10772833723653,  0.10772833723653,  0.10772833723653,  
		0.10772833723653,  0.10772833723653,  0.10772833723653,  0.10772833723653,  
		0.10772833723653,  0.10772833723653,  0.10772833723653,  0.10772833723653,  
		0.10772833723653,  0.10772833723653,  0.10772833723653,  0.10772833723653,  
		0.10772833723653,  0.10772833723653,  0.10772833723653,  0.10772833723653,  
		0.10772833723653,  0.10772833723653,  0.10772833723653,  0.10772833723653,  
		0.10772833723653,  0.10772833723653,  0.10772833723653,  0.10772833723653,  
		0.10772833723653,  0.10772833723653,  0.10772833723653,  0.10772833723653,  
		0.10772833723653,  0.10772833723653,  0.10772833723653,  0.10772833723653,  
		0.10772833723653,  0.10772833723653,  0.10772833723653,  0.10772833723653,  
		0.10772833723653,  0.10993640090199,  0.11227717720226,  0.11461795350253,  
		0.1169587298028,  0.11932050708238,  0.12168359283419,  0.12400472024312,  
		0.12632318709184,  0.12881253705891,  0.13131291174329,  0.13351374693843,  
		0.13569492485459,  0.14022005127742,  0.14490160387795,  0.14670167583655,  
		0.14830624023592,  0.14956885554802,  0.15080788816444,  0.15204692078085,  
		0.15328595339727,  0.15476330544229,  0.15625762682881,  0.15719342181086,  
		0.15808882022906,  0.15898421864727,  0.15987961706547,  0.16077501548367,  
		0.16167041390187,  0.16256581232008,  0.16346121073828,  0.16516422953145,  
		0.16692930757449,  0.16850462225141,  0.17006513978492,  0.17162565731843,  
		0.17318617485195,  0.17474669238546,  0.17630720991897,  0.17786772745249,  
		0.179428244986,  0.18098876251951,  0.18254928005302,  0.18487685691998,  
		0.18726862625235,  0.18941361772191,  0.19153767363577,  0.19366172954963,  
		0.19578578546349,  0.19790984137735,  0.20003389729121,  0.20215795320507,  
		0.20428200911893,  0.20640606503279,  0.20853012094665,  0.21104545926514,  
		0.2135962549444,  0.21520124951001,  0.21671943628932,  0.21823762306862,  
		0.21975580984793,  0.22127399662723,  0.22279218340654,  0.22431037018584,  
		0.22582855696514,  0.22734674374445,  0.22886493052375,  0.23093741477002,  
		0.23306402033548,  0.23495948260378,  0.23683210364399,  0.23870472468421,  
		0.24057734572442,  0.24244996676464,  0.24432258780485,  0.24619520884507,  
		0.24806782988528,  0.25059534228374,  0.25319067514647,  0.25550950434136,  
		0.25779936932913,  0.26008923431691,  0.26237909930468,  0.26466896429246,  
		0.26695882928024,  0.26924869426801,  0.27153855925579,  0.27382842424356,  
		0.27611828923134,  0.28024372167428,  0.28457244171812,  0.28768255137752,  
		0.29065622965693,  0.29362990793633,  0.29660358621573,  0.29957726449514,  
		0.30255094277454,  0.30761834124535,  0.31292776189749,  0.31752542196868,  
		0.32203993970126,  0.32655445743384,  0.33106897516642,  0.33618044253464,  
		0.34136309973904,  0.34609853455505,  0.35078008715559,  0.35546163975613,  
		0.36014319235667,  0.36482474495721,  0.36950629755774,  0.37454200997553,  
		0.37962170048051,  0.38417073503954,  0.38865321868786,  0.39313570233618,  
		0.39761818598449,  0.40236693534422,  0.40714973853252,  0.41098872057012,  
		0.41470581841937,  0.41842291626862,  0.42214001411788,  0.42784926876762,  
		0.43382076529707,  0.43817899105422,  0.44232282866887,  0.44646666628352,  
		0.45061050389817,  0.45618014567919,  0.4619428486237,  0.46628636245589,  
		0.47043592044273,  0.47495948676405,  0.47953464044185,  0.48317581335112,  
		0.48668697780152,  0.49019814225193,  0.49370930670233,  0.49722047115274,  
		0.50073163560314,  0.50460496820546,  0.50853009692337,  0.51243023046661,  
		0.51632675732357,  0.52022328418052,  0.52411981103748,  0.52801633789444,  
		0.53191286475139,  0.53580939160835,  0.53970591846531,  0.54360244532226,  
		0.54749897217922,  0.55377780441842,  0.56041572430804,  0.56559379179447,  
		0.57054992226014,  0.57550605272581,  0.58046218319149,  0.58541831365716,  
		0.59037444412283,  0.5953305745885,  0.60028670505418,  0.60524283551985,  
		0.61019896598552,  0.61573871197194,  0.62137099043051,  0.62583735974004,  
		0.63011734221282,  0.63543481231773,  0.64091950517378,  0.64571332469176,  
		0.6503948772923,  0.65507642989283,  0.65975798249337,  0.66443953509391,  
		0.66912108769445,  0.67599913069131,  0.68324283799588,  0.69010741043888,  
		0.69690836093592,  0.70130169107387,  0.70528778942538,  0.70873287476996,  
		0.71208572791999,  0.71543858107003,  0.71879143422007,  0.72214428737011,  
		0.72549714052014,  0.73396722684365,  0.74333033204472,  0.762775316439,  
		0.78399332096724,  0.78904754658957,  0.79123730506402,  0.79156908665105,  
		0.79156908665105,  0.79156908665105,  0.79156908665105,  0.79156908665105,  
		0.79156908665105,  0.79156908665105,  0.79156908665105,  0.79156908665105,  
		0.79156908665105,  0.79156908665105,  0.79156908665105,  0.79156908665105,  
		0.79156908665105,  0.79156908665105,  0.79156908665105,  0.79156908665105,  
		0.79156908665105,  0.79156908665105,  0.79156908665105,  0.79156908665105,  
		0.79156908665105,  0.79156908665105,  0.79156908665105,  0.79156908665105,  
		0.79156908665105,  0.79156908665105,  0.79156908665105,  0.79156908665105,  
		0.79156908665105,  0.79156908665105,  0.79156908665105,  0.79156908665105,  
		0.79156908665105,  0.79156908665105,  0.79156908665105,  0.79156908665105,  
		0.79156908665105,  0.79156908665105,  0.79156908665105,  0.79156908665105,  
		0.79156908665105,  0.79156908665105,  0.79156908665105,  0.79156908665105,  
		0.79156908665105,  0.79156908665105,  0.79156908665105,  0.79543148195394,  
		0.80011303455448,  0.80479458715502,  0.80947613975556,  0.81641907123239,  
		0.82384811859592,  0.83060844606277,  0.83722405650085,  0.84699187719563,  
		0.85744642941061,  0.86611070978851,  0.87438236797568,  0.88533998191112,  
		0.89689055743777,  0.90575651029212,  0.91402588033042,  0.92229525036871,  
		0.930564620407,  0.94419787664548,  0.95903881025599,  0.96986164707821,  
		0.97977390800955,  0.9896861689409,  0.99959842987224,  1.0095106908036,  
		1.0194229517349,  1.0293352126663,  1.0392474735976,  1.049159734529,  
		1.0590719954603,  1.0710885404753,  1.0835975235026,  1.09518421478,  
		1.1065536996671,  1.1179231845541,  1.1292926694411,  1.1406621543281,  
		1.1520316392151,  1.1634011241022,  1.1747706089892,  1.1861400938762,  
		1.1975095787632,  1.2088790636503,  1.2202485485373,  1.2340685862311,  
		1.2484878466916,  1.2604264815315,  1.2717547797387,  1.283083077946,  
		1.2944113761532,  1.3057396743605,  1.3170679725677,  1.328396270775,  
		1.3397245689822,  1.3510528671895,  1.3623811653967,  1.3773206030974,  
		1.3931761019196,  1.4059691047093,  1.4179805134196,  1.4299919221299,  
		1.4420033308402,  1.4540147395505,  1.4660261482608,  1.4780375569711,  
		1.4900489656814,  1.4987419022722,  1.5065673714285,  1.5137569230804,  
		1.5207792519813,  1.5222482435597,  1.5222482435597,  1.5222482435597,  
		1.5222482435597,  1.5222482435597,  1.5222482435597,  1.5222482435597,  
		1.5222482435597,  1.5222482435597,  1.5222482435597,  1.5222482435597,  
		1.5222482435597,  1.5222482435597,  1.5222482435597,  1.5222482435597,  
		1.5222482435597,  1.5222482435597,  1.5222482435597,  1.5222482435597,  
		1.5222482435597,  1.5222482435597,  1.5222482435597,  1.5222482435597,  
		1.5222482435597,  1.5222482435597,  1.5222482435597,  1.5222482435597,  
		1.5222482435597,  1.5222482435597,  1.5222482435597,  1.5222482435597,  
		1.5222482435597,  1.5222482435597,  1.5222482435597,  1.5222482435597,  
		1.5222482435597,  1.5281139157199,  1.5356999873001,  1.5427056004682,  
		1.5495400151425,  1.5563744298169,  1.5632088444912,  1.5700432591656,  
		1.5768776738399,  1.5845061977951,  1.5923728536312,  1.5987648572367,  
		1.6047122137955,  1.6106595703543,  1.6166069269131,  1.6225542834719,  
		1.6285016400307,  1.6358493970471,  1.6436263955831,  1.6495836273048,  
		1.6549800357501,  1.6603764441953,  1.6657728526406,  1.6711692610858,  
		1.6765656695311,  1.6819620779763,  1.6873584864216,  1.6927548948668,  
		1.6981513033121,  1.7033028099306,  1.7083767800634,  1.713153080592,  
		1.7178346331926,  1.7225161857931,  1.7271977383937,  1.7318792909942,  
		1.7365608435947,  1.7412423961953,  1.7459239487958,  1.7506055013963,  
		1.7552870539969,  1.7599686065974,  1.764650159198,  1.771347404883,  
		1.7787069497245,  1.7847255193812,  1.7903011661551,  1.795876812929,  
		1.8014524597028,  1.8070281064767,  1.8126037532506,  1.8181794000245,  
		1.8237550467984,  1.8293306935722,  1.8349063403461,  1.84048198712,  
		1.8460576338939,  1.8519372698014,  1.8579204930938,  1.8629200824516,  
		1.8675827578239,  1.8722454331962,  1.8769081085685,  1.8815707839408,  
		1.8862334593132,  1.8898083597814,  1.8930049037614,  1.8961454988107,  
		1.8992665338778,  1.9023875689448,  1.9055086040118,  1.9114275955767,  
		1.9183347543174,  1.9245056346153,  1.930415160446,  1.9363246862767,  
		1.9422342121074,  1.9478183991789,  1.9532859309184,  1.9575979273451,  
		1.9614935008067,  1.9677247877875,  1.9748020322614,  1.9803242078143,  
		1.9852803382799,  1.9902364687456,  1.9951925992113,  2.0018385822423,  
		2.0091058345988,  2.0151049357992,  2.0206354831587,  2.0261660305182,  
		2.0316965778778,  2.0372271252373,  2.0427576725968,  2.0482882199564,  
		2.0538187673159,  2.0598998262513,  2.0661883458076,  2.0721602070317,  
		2.0780121477824,  2.0838640885331,  2.0897160292837,  2.0955679700344,  
		2.1014199107851,  2.1068508516019,  2.1121200008338,  2.1168592792031,  
		2.1213939326458,  2.1259285860885,  2.1304632395312,  2.1349978929739,  
		2.1395325464166,  2.1440671998593,  2.148601853302,  2.156640310871,  
		2.1660583316451,  2.173463040866,  2.1800712148202,  2.1849040447043,  
		2.1890311025605,  2.1912288237036,  2.192655865886,  2.1940829080684,  
		2.1955099502508,  2.1962054155436,  2.1966058415969,  2.1967213114754,  
		2.1967213114754,  2.1956123219868,  2.1940518044533,  2.1924912869198,  
		2.1909307693862,  2.1893702518527,  2.1878097343192,  2.1839796638722,  
		2.1792123056888,  2.1745662328161,  2.1699704857984,  2.1650598331304,  
		2.1600178970819,  2.1554839502142,  2.1511627810616,  2.1498829039813,  
		2.1498829039813,  2.1498829039813,  2.1498829039813,  2.1498829039813,  
		2.1498829039813,  2.1498829039813,  2.1498829039813,  2.1498829039813,  
		2.1498829039813,  2.1498829039813,  2.1498829039813,  2.1498829039813,  
		2.1498829039813,  2.1522989811809,  2.1557655267282,  2.1628726043689,  
		2.1715698582471,  2.1811115598425,  2.1910238207739,  2.2039136947955,  
		2.2181162348695,  2.2297782855202,  2.2403152110947,  2.2500397565867,  
		2.2594028617878,  2.2622950819672,  2.2622950819672,  2.2622950819672,  
		2.2622950819672,  2.2622950819672,  2.2622950819672,  2.2615426559481,  
		2.2604492868892,  2.2594908300404,  2.258593784155,  2.2576967382696,  
		2.2567996923842,  2.2559026464988,  2.2550056006134,  2.254108554728,  
		2.2532115088426,  2.2512623192283,  2.2488254406752,  2.2469240605337,  
		2.2452720170452,  2.2412678577229,  2.2361635696175,  2.2314624788425,  
		2.226950821296,  2.2224391637495,  2.217927506203,  2.1875472184432,  
		2.1449035598762,  2.1279761666413,  2.1232946140408,  2.1154462633957,  
		2.1060831581946,  2.0983011638669,  2.0912788349661,  2.0839740773668,  
		2.0765330172217,  2.0710915207245,  2.0666193337461,  2.0610080109736,  
		2.0548420217897,  2.047599344907,  2.0398300784074,  2.0320608119079,  
		2.0242915454083,  2.0165222789088,  2.0087530124092,  1.9968392305735,  
		1.9828713687685,  1.8823479610877,  1.7387368731759,  1.6908665105386,  
		1.6908665105386,  1.6908665105386,  1.6908665105386,  1.6908665105386,  
		1.6908665105386,  1.6908665105386,  1.6908665105386,  1.6908665105386,  
		1.6908665105386,  1.6908665105386,  1.6908665105386,  1.6902477950825,  
		1.6893114845624,  1.6883751740423,  1.6874388635222,  1.6865025530021,  
		1.685566242482,  1.6846299319619,  1.6836936214418,  1.6826457083055,  
		1.6815395027314,  1.6804190580437,  1.679291143657,  1.6781632292704,  
		1.6770353148838,  1.6759074004972,  1.6747794861105,  1.6717166879832,  
		1.667625620802,  1.6608162513486,  1.6525560339058,  1.6417410747574,  
		1.6295566819921,  1.6154669188041,  1.6003514073285,  1.4954661655267,  
		1.342045783383,  1.288056206089,  1.288056206089,  1.288056206089,  
		1.288056206089,  1.1912583560337,  1.0414486728164,  0.99735146767589,  
		1.0113961254775,  1.0214197429875,  1.0292223306551,  1.0370249183226,  
		1.0448275059902,  1.0527799841844,  1.0608159630373,  1.0698042054828,  
		1.0793251929563,  1.0854970954282,  1.0897873745709,  1.0904330754215,  
		1.0890224316394,  1.0844799646044,  1.0781629575947,  1.0711678264635,  
		1.0637868302263,  1.0588500450193,  1.0553099518296,  1.0517698586398,  
		1.04822976545,  1.0446896722603,  1.0411495790705,  1.0376094858807,  
		1.034069392691,  1.0305292995012,  1.0269892063114,  1.0227524594997,  
		1.0181091516732,  1.0147067500228,  1.0120315771082,  1.0093564041937,  
		1.0066812312791,  1.0040060583645,  1.0013308854499,  0.99865571253528,  
		0.99598053962069,  0.99330536670609,  0.9906301937915,  0.98795502087691,  
		0.98527984796231,  0.98241601348232,  0.97943880491608,  0.97602028097066,  
		0.97233544602056,  0.96865061107046,  0.96496577612035,  0.96128094117025,  
		0.95759610622015,  0.95391127127005,  0.95022643631995,  0.94545677723846,  
		0.94002150839813,  0.93559417182178,  0.93178783616635,  0.92508928033152,  
		0.91660139207555,  0.91334894613583,  0.91334894613583,  0.91334894613583,  
		0.91334894613583,  0.91334894613583,  0.91334894613583,  0.91244107367534,  
		0.91096216678507,  0.90948325989481,  0.90800435300454,  0.90637562716216,  
		0.90465188834215,  0.90302786927195,  0.90146735173844,  0.89990683420493,  
		0.89834631667141,  0.89676768406679,  0.89517742059789,  0.89361127178759,  
		0.89206066956587,  0.89051006734415,  0.88895946512244,  0.88685554689977,  
		0.88439197327648,  0.8808625498603,  0.87663748296055,  0.87064585776661,  
		0.86349653660317,  0.85589387007231,  0.84799289200307,  0.83847712052483,  
		0.82789443197278,  0.81970111436664,  0.81309294041241,  0.80478732233826,  
		0.79535099637314,  0.78595854560681,  0.77659544040573,  0.76723233520466,  
		0.75786923000358,  0.75160768376363,  0.7474375324369,  0.74265749884815,  
		0.7374645449738,  0.73353135573144,  0.73045455820935,  0.72737776068727,  
		0.72430096316518,  0.72114542021852,  0.71793591006162,  0.71489436188676,  
		0.71196839151143,  0.70904242113609,  0.70611645076075,  0.70319048038542,  
		0.70026451001008,  0.69733853963474,  0.69441256925941,  0.69148659888407,  
		0.68856062850873,  0.6856346581334,  0.68270868775806,  0.67978271738272,  
		0.67685674700739,  0.67309532430183,  0.66874252966303,  0.66486480390646,  
		0.66132471071669,  0.65778461752693,  0.65424452433716,  0.65070443114739,  
		0.64716433795763,  0.64362424476786,  0.6400841515781,  0.63654405838833,  
		0.63300396519856,  0.62360720877574,  0.60996363078427,  0.60150628840515,  
		0.59682473580461,  0.59124165254688,  0.58499958241283,  0.57875751227878,  
		0.57251544214473,  0.56623780169633,  0.55993395154262,  0.55440474379025,  
		0.54944861332458,  0.54474653784035,  0.54023316418221,  0.53521254616588,  
		0.52981365889268,  0.5250781670407,  0.52083937124769,  0.51578156577954,  
		0.5101081006412,  0.50484343913352,  0.49988730866785,  0.48621848435172,  
		0.46594777345819,  0.44308450936664,  0.41824894146526,  0.40749414519906,  
		0.40749414519906,  0.40749414519906,  0.40749414519906,  0.40812802870012,  
		0.40924993669595,  0.41037184469177,  0.41149375268759,  0.41261566068341,  
		0.41373756867923,  0.41496847408944,  0.41628430270252,  0.41791254466181,  
		0.41978516570202,  0.42165778674224,  0.42353040778245,  0.42540302882267,  
		0.42727564986288,  0.4291482709031,  0.43102089194331,  0.43289351298353,  
		0.43476613402374,  0.43559718969555,  0.43559718969555,  0.43559718969555,  
		0.43559718969555,  0.43559718969555,  0.43559718969555,  0.4351281460164,  
		0.4342803868578,  0.43284214605429,  0.43092524933333,  0.42818333067507,  
		0.42476998458912,  0.42141676839395,  0.41811268141684,  0.41411722902662,  
		0.40955466016763,  0.39722493304304,  0.37849872264089,  0.36548040361698,  
		0.3571812876433,  0.34771937601348,  0.33729228158501,  0.33087943233939,  
		0.3278117874128,  0.32474414248622,  0.32167649755964,  0.31852180008735,  
		0.31529398473944,  0.3087329845642,  0.29936129880484,  0.2944321421587,  
		0.29326389914814,  0.29209565613758,  0.29092741312701,  0.28975917011645,  
		0.28859092710589,  0.28724838409107,  0.28575653145375,  0.28430543976342,  
		0.28288940248751,  0.28147336521161,  0.2800573279357,  0.27864129065979,  
		0.27722525338389,  0.27580921610798,  0.27439317883207,  0.27297714155617,  
		0.27156110428026,  0.26985564061551,  0.26789633142073,  0.26623207092346,  
		0.2648276051433,  0.26342313936314,  0.26201867358298,  0.26061420780282,  
		0.25920974202265,  0.25780527624249,  0.25640081046233,  0.25499634468217,  
		0.25359187890201,  0.25218741312185,  0.25078294734169,  0.24937848156152,  
		0.24797401578136,  0.2465695500012,  0.24516508422104,  0.24376061844088,  
		0.24235615266072,  0.24085356264674,  0.23926146865873,  0.23792553372026,  
		0.23682417139455,  0.23572280906885,  0.23462144674314,  0.23352008441744,  
		0.23241872209173,  0.23131735976603,  0.23021599744032,  0.22911463511462,  
		0.22801327278891,  0.22691191046321,  0.2258105481375,  0.2247091858118,  
		0.22360782348609,  0.22231864805163,  0.22085270733833,  0.2193848057806,  
		0.21791505148584,  0.21644529719108,  0.21497554289632,  0.21336631664524,  
		0.21162427263422,  0.20961034841029,  0.20733650046465,  0.19782786798853,  
		0.18137550553202,  0.17409685810464,  0.17565737563816,  0.17721789317167,  
		0.17877841070518,  0.18033892823869,  0.18189944577221,  0.18283801983744,  
		0.18317025905425,  0.18424738963732,  0.18605356283417,  0.18785973603103,  
		0.18966590922788,  0.19147208242473,  0.19327825562159,  0.19508442881844,  
		0.19689060201529,  0.19924926251402,  0.20215717939472,  0.2054013706864,  
		0.20898117960308,  0.21077283372365,  0.21077283372365,  0.21077283372365,  
		0.21077283372365,  0.21077283372365,  0.21077283372365,  0.21077283372365,  
		0.21077283372365,  0.21077283372365,  0.21077283372365,  0.21077283372365,  
		0.21077283372365,  0.21077283372365,  0.21077283372365,  0.21077283372365,  
		0.21077283372365,  0.21077283372365,  0.21077283372365,  0.21077283372365,  
		0.21077283372365,  0.21077283372365,  0.21077283372365,  0.21077283372365,  
		0.21077283372365,  0.21077283372365,  0.21077283372365,  0.21077283372365,  
		0.21077283372365,  0.21077283372365,  0.21077283372365,  0.21077283372365,  
		0.21077283372365,  0.21077283372365,  0.21077283372365,  0.21355974872891,  
		0.2193310322317,  0.22630811315624,  0.23458148745506,  0.24563049370244,  
		0.25967515150406,  0.27004543307477,  0.27643451677411,  0.28343022833018,  
		0.29108580243246,  0.29731977681396,  0.3020013294145,  0.30668288201504,  
		0.31136443461557,  0.31381733021077,  0.31381733021077,  0.31844648353104,  
		0.32819056551999,  0.33659912093682,  0.34352620564066,  0.3504532903445,  
		0.35738037504833,  0.36430745975217,  0.37123454445601,  0.37911735740787,  
		0.38807288609039,  0.39564257912103,  0.40165068603249,  0.40944314646049,  
		0.41925415680407,  0.42758425001906,  0.43423246657863,  0.43945337478793,  
		0.44304691259787,  0.44586027383995,  0.44778060278424,  0.45227051620629,  
		0.45971329246308,  0.46438054655624,  0.46584572455325,  0.46731090255026,  
		0.46877608054726,  0.47037350370781,  0.47212470031433,  0.47522792822992,  
		0.47990948083046,  0.484591033431,  0.48927258603154,  0.49395413863208,  
		0.49863569123261,  0.50128110670877,  0.50152136234076,  0.50391902698757,  
		0.50887515745324,  0.51347092124621,  0.51763764034963,  0.53056909694772,  
		0.55397685995042,  0.56919513011195,  0.57458600886408,  0.57949429621689,  
		0.58382118574163,  0.58814807526637,  0.59247496479111,  0.5979385476285,  
		0.60478240091697,  0.6107755795023,  0.61573170996798,  0.62027929111631,  
		0.62432684342626,  0.62736725459467,  0.62917013285714,  0.63097301111961,  
		0.63277588938208,  0.63457876764455,  0.63638164590702,  0.63818452416949,  
		0.63998740243196,  0.6419763977846,  0.64419773271354,  0.64626431094113,  
		0.64813693198134,  0.65000955302156,  0.65188217406177,  0.65375479510199,  
		0.6556274161422,  0.65750003718242,  0.65937265822263,  0.66116922012059,  
		0.6628689333774,  0.66449533416528,  0.66602801255414,  0.66756069094299,  
		0.66909336933184,  0.6706260477207,  0.67215872610955,  0.6736914044984,  
		0.67522408288726,  0.67675676127611,  0.67828943966496,  0.67977362182319,  
		0.68119456227526,  0.68242941918773,  0.68342064528086,  0.684411871374,  
		0.68540309746713,  0.68639432356027,  0.6873855496534,  0.68887715700012,  
		0.69103176950783,  0.6930632500815,  0.69493092872014,  0.69679860735878,  
		0.69866628599743,  0.70053396463607,  0.70240164327471,  0.70426932191335,  
		0.706137000552,  0.7082163577891,  0.71058184609723,  0.71293685052324,  
		0.71527762682351,  0.71761840312378,  0.71995917942405,  0.72229995572432,  
		0.72464073202459,  0.72714527117347,  0.72987474676407,  0.73238637850346,  
		0.73459758837362,  0.73680879824378,  0.73902000811394,  0.7412312179841,  
		0.74344242785426,  0.7470984958746,  0.75277127456827,  0.75773285633056,  
		0.7616977607031,  0.76566266507564,  0.76962756944818,  0.77359247382072,  
		0.77755737819326,  0.78131174586098,  0.78476747990486,  0.78774522837167,  
		0.79004224382468,  0.79233925927769,  0.79463627473071,  0.79693329018372,  
		0.79923030563674,  0.80257567323522,  0.80743226922478,  0.81221734210915,  
		0.81689889470969,  0.82158044731022,  0.82626199991076,  0.8309435525113,  
		0.83562510511184,  0.84030665771238,  0.84498821031292,  0.85108271665233,  
		0.85925569841921,  0.8668092997577,  0.87344807770315,  0.8800868556486,  
		0.88672563359404,  0.89336441153949,  0.90000318948494,  0.90738498338688,  
		0.91587767675548,  0.92335273302222,  0.92930008958103,  0.93524744613984,  
		0.94119480269864,  0.94714215925745,  0.95308951581626,  0.95914638948778,  
		0.96536969680105,  0.97089838653262,  0.97536714128768,  0.97983589604274,  
		0.9843046507978,  0.98864766137144,  0.99279721935828,  0.99669591302288,  
		1.0002070774733,  1.0037182419237,  1.0072294063741,  1.0107405708245,  
		1.0142517352749,  1.0200453282292,  1.0294084334303,  1.036950172126,  
		1.0416317247265,  1.0458817230549,  1.0494512353016,  1.052760341444,  
		1.0556571379212,  1.0585539343983,  1.0614507308755,  1.0642777314308,  
		1.066993306517,  1.0694272420141,  1.0714096942003,  1.0733921463866,  
		1.0753745985729,  1.0773570507592,  1.0793395029454,  1.081388774447,  
		1.0835464988371,  1.0854379793238,  1.0868955301579,  1.088353080992,  
		1.089810631826,  1.0916834565182,  1.0942387467756,  1.0966774823527,  
		1.0989238725119,  1.1003958903518,  1.100584662634,  1.1007025761124,  
		1.1007025761124,  1.1007025761124,  1.1007025761124,  1.1007025761124,  
		1.1007025761124,  1.1013434188405,  1.1030641067953,  1.1046955502339,  
		1.1061759825567,  1.1076564148796,  1.1091368472024,  1.1104133994213,  
		1.1113420609866,  1.1121894103489,  1.1128974289869,  1.1136054476248,  
		1.1143134662628,  1.1150214849008,  1.1157295035387,  1.1164375221767,  
		1.1171455408146,  1.1178535594526,  1.1185615780905,  1.1190895164403,  
		1.1193023142858,  1.1194379391101,  1.1194379391101,  1.1186055017905,  
		1.1163039250933,  1.1165575483319,  1.1213398999119,  1.1244019138756,  
		1.1244019138756,  1.1244019138756,  1.1244019138756,  1.1244019138756,  
		1.1244019138756,  1.1244019138756,  1.1244019138756,  1.1244019138756,  
		1.1244019138756,  1.1244019138756,  1.1244019138756,  1.1237885434234,  
		1.1220551788583,  1.1222165438735,  1.1258524545456,  1.1296297129871,  
		1.1336672869039,  1.1368876809648,  1.1385966337324,  1.1401796807641,  
		1.1415288526159,  1.1428780244678,  1.1442271963196,  1.1455763681714,  
		1.1469255400232,  1.148274711875,  1.1496238837268,  1.1509730555786,  
		1.1523222274304,  1.1536188897619,  1.1548158881314,  1.1556533768623,  
		1.1558055503446,  1.155905511811,  1.155905511811,  1.1559660038633,  
		1.1561428134906,  1.1567359717843,  1.1581331959842,  1.1595905665676,  
		1.1611646003947,  1.1633440924619,  1.1667030939535,  1.1739322208734,  
		1.1887338186458,  1.2018425994518,  1.211624626915,  1.2205359315107,  
		1.2277285709113,  1.2348420428066,  1.2417985645457,  1.2487550862849,  
		1.255711608024,  1.2626764904248,  1.2696580941492,  1.2765635338164,  
		1.2833159733338,  1.2891326795898,  1.2930613576726,  1.2968561636195,  
		1.3003796606518,  1.3039031576842,  1.3074266547165,  1.3109501517489,  
		1.3144736487812,  1.3179971458135,  1.3215206428459,  1.3250441398782,  
		1.3285676369106,  1.3320911339429,  1.3356146309752,  1.3391381280076,  
		1.3426616250399,  1.3461851220722,  1.3497086191046,  1.3532321161369,  
		1.3567556131693,  1.3602791102016,  1.3638026072339,  1.3673675499824,  
		1.3710203121596,  1.3748617489593,  1.3791047684414,  1.3826057951389,  
		1.3845204139503,  1.386326831276,  1.3879008651031,  1.3894765421573,  
		1.3910557643216,  1.3926093973442,  1.3941075740226,  1.3953354402687,  
		1.3959748356671,  1.3965769781594,  1.3970976516795,  1.3976183251997,  
		1.3981389987198,  1.39865967224,  1.3991803457601,  1.3997010192803,  
		1.4002216928004,  1.4007423663206,  1.4012630398407,  1.4017837133609,  
		1.402304386881,  1.4028250604012,  1.4033457339213,  1.4038664074414,  
		1.4043870809616,  1.4049077544817,  1.4054284280019,  1.405949101522,  
		1.4064697750422,  1.406973741196,  1.4074394576882,  1.4077807016154,  
		1.4078356586434,  1.407874015748,  1.407874015748,  1.407874015748,  
		1.407874015748,  1.407874015748,  1.407874015748,  1.407874015748,  
		1.407874015748,  1.407874015748,  1.407874015748,  1.407874015748,  
		1.407874015748,  1.407874015748,  1.407874015748,  1.407874015748,  
		1.407874015748,  1.407874015748,  1.407874015748,  1.407874015748,  
		1.407874015748,  1.407874015748,  1.407874015748,  1.407874015748,  
		1.407874015748,  1.4079739337671,  1.4083180958329,  1.4096812843329,  
		1.4135472843793,  1.4194370320686,  1.4303209773308,  1.4414523782964,  
		1.4531973684042,  1.464942358512,  1.4766873486198,  1.4884581008173,  
		1.5002933464652,  1.5122542302111,  1.5245311520591,  1.5362436380615,  
		1.5465294638062,  1.5567403987184,  1.5667611264645,  1.5767818542106,  
		1.5868025819567,  1.5968233097028,  1.606844037449,  1.6168647651951,  
		1.6268854929412,  1.6369693361405,  1.6472166151451,  1.6578286138405,  
		1.6693896542668,  1.6799210639684,  1.6877601530472,  1.6954631770198,  
		1.702808668213,  1.7101541594062,  1.7174996505994,  1.7248451417925,  
		1.7321906329857,  1.7395954520479,  1.7471584787608,  1.7551393025196,  
		1.7642397622467,  1.7727443235177,  1.7796440463478,  1.7852311383023,  
		1.7872655662569,  1.7891611014709,  1.7906788484303,  1.7918350444509,  
		1.7920029132702,  1.792125984252,  1.792125984252,  1.792125984252,  
		1.792125984252,  1.792125984252,  1.792125984252,  1.792125984252,  
		1.792125984252,  1.792125984252,  1.792125984252,  1.792125984252,  
		1.792125984252,  1.7921199068163,  1.7920966213604,  1.7920224791647,  
		1.7918036055702,  1.7915787000639,  1.7913365410136,  1.7910943819633,  
		1.790852222913,  1.7906100638626,  1.7903679048123,  1.790125745762,  
		1.7898835867117,  1.7896414276613,  1.789399268611,  1.7891571095607,  
		1.7889149505104,  1.78867279146,  1.7884306324097,  1.7881884733594,  
		1.7879463143091,  1.7877041552587,  1.7874619962084,  1.7872198371581,  
		1.7869776781078,  1.7867355190574,  1.7864933600071,  1.7862893132302,  
		1.7862006536118,  1.7864926841421,  1.7879433368638,  1.7898788001232,  
		1.7932975527662,  1.7970026648735,  1.8015885319864,  1.8065403353656,  
		1.8126236136805,  1.8186427476233,  1.8244624930361,  1.8302705322558,  
		1.8360419896218,  1.8418134469879,  1.847584904354,  1.8533563617201,  
		1.8591278190861,  1.8649603418935,  1.8709867786327,  1.8775021742243,  
		1.88557863107,  1.8931801661651,  1.8992572610733,  1.9052754179129,  
		1.9111033655308,  1.9169313131488,  1.9227592607667,  1.9285872083846,  
		1.9344151560025,  1.9402740843014,  1.9462346396038,  1.9524737547137,  
		1.9596316490207,  1.9667693592786,  1.9738401300324,  1.9809054156457,  
		1.9879524097104,  1.9949994037751,  2.0020463978397,  2.0090933919044,  
		2.0161403859691,  2.0231934607523,  2.0302671525638,  2.0373562363929,  
		2.0444977990408,  2.0512542323071,  2.0566902219796,  2.0620849813128,  
		2.0673375856068,  2.0725901899009,  2.0778427941949,  2.0830953984889,  
		2.088348002783,  2.093600607077,  2.098853211371,  2.1041249201732,  
		2.1094640019535,  2.1149579411405,  2.1210011079302,  2.1267838120966,  
		2.1316374553886,  2.1363750152839,  2.1406961325007,  2.1441665463789,  
		2.1445675306434,  2.1448818897638,  2.1448818897638,  2.1448818897638,  
		2.1448818897638,  2.1448818897638,  2.1448818897638,  2.144896809968,  
		2.1449668254217,  2.1451849557539,  2.1459532270629,  2.1467362816935,  
		2.1475745684563,  2.1484128552191,  2.1492511419818,  2.1500894287446,  
		2.1509277155073,  2.1517660022701,  2.1526042890329,  2.1534498348297,  
		2.154323149856,  2.1552913736229,  2.1566248386093,  2.1581806019632,  
		2.1605969775685,  2.1630342079248,  2.1655526620482,  2.1680711161715,  
		2.1705895702949,  2.173128551126,  2.1757484488341,  2.1789030957226,  
		2.1841785682441,  2.1928291701229,  2.2149473613393,  2.240364899967,  
		2.2790283480547,  2.3458483455217,  2.5264041582156,  2.6757725486358,  
		2.6983841386265,  2.717799122203,  2.7241414168612,  2.7304935056094,  
		2.7368858970375,  2.7433728414466,  2.7502513017171,  2.7570274099702,  
		2.7633770514843,  2.7697163892618,  2.7760125245702,  2.7823120465777,  
		2.7886258583817,  2.7948914204003,  2.8009521064075,  2.806081866311,  
		2.8072335966271,  2.8083009897334,  2.8090056891399,  2.8097118129746,  
		2.8104241019132,  2.8111555552019,  2.811970488801,  2.8128239860957,  
		2.8138465547511,  2.8148724141497,  2.8159127946053,  2.8169531750609,  
		2.8179935555166,  2.8190339359722,  2.8200743164278,  2.8211146968834,  
		2.822155077339,  2.8231954577946,  2.8242358382503,  2.8252762187059,  
		2.8263165991615,  2.8273580358194,  2.8284043206188,  2.8294664528647,  
		2.8306018142454,  2.8317799864232,  2.8331573115905,  2.834538174542,  
		2.8359356061161,  2.8373330376902,  2.8387304692643,  2.8401279008384,  
		2.8415253324125,  2.8429227639867,  2.8443201955608,  2.8457176271349,  
		2.847115058709,  2.8485124902831,  2.8499099218572,  2.8513075372051,  
		2.8527060492424,  2.8541435494864,  2.8557726102839,  2.8578515248404,  
		2.8621561693329,  2.8664971405835,  2.8710191083126,  2.8755410760417,  
		2.8800630437708,  2.8845850114999,  2.8891069792291,  2.8936424087229,  
		2.8982463489836,  2.9030916738221,  2.909174275299,  2.9161901085428,  
		2.9280238913294,  2.939892777984,  2.951944204752,  2.9622737908588,  
		2.9635847115516,  2.9652575434518,  2.9688398455263,  2.972460443117,  
		2.9762845742848,  2.9801087054525,  2.9839328366203,  2.9877569677881,  
		2.9915810989559,  2.9954052301236,  2.9992293612914,  3.0030534924592,  
		3.006877623627,  3.0107017547947,  3.0145258859625,  3.0183558208452,  
		3.0222180109894,  3.026163422492,  3.030574873601,  3.0350598539355,  
		3.0399597491851,  3.0448645800076,  3.0497974758529,  3.0547463710174,  
		3.0597869464909,  3.0650355996162,  3.07148586673,  3.0777724935636,  
		3.0831067339669,  3.0884282356743,  3.093675015098,  3.0989217945217,  
		3.1041685739454,  3.1094153533691,  3.1146621327928,  3.1199232021692,  
		3.1252701091384,  3.1308113108591,  3.1375290007996,  3.1441053416984,  
		3.1498188644875,  3.1555217737499,  3.1611593690017,  3.1668051021041,  
		3.1725013242658,  3.1783250219149,  3.1849461194213,  3.1916875553888,  
		3.1991879832213,  3.2066958752774,  3.2142512376476,  3.2218066000177,  
		3.2293619623878,  3.2369400084165,  3.2446647531415,  3.2527180506611,  
		3.2629141888339,  3.2728868414797,  3.2813894559916,  3.2901800944679,  
		3.3008815784983,  3.3115573627759,  3.3220611712641,  3.3325623715555,  
		3.3430459665189,  3.3535334758784,  3.364047638988,  3.3745593523789,  
		3.3850542380869,  3.395564347237,  3.4061799583818,  3.4170281098843,  
		3.429502227169,  3.4416816538786,  3.451782003776,  3.4610532269196,  
		3.4644218572207,  3.46739949498,  3.4675682423179,  3.4677165354331,  
		3.4677165354331,  3.4677165354331,  3.4677165354331,  3.4677165354331,  
		3.4677165354331,  3.4677165354331,  3.4677165354331,  3.4677165354331,  
		3.4677165354331,  3.4677216422108,  3.4677655433337,  3.4679069438177,  
		3.4687961148252,  3.4698780454386,  3.4724526273583,  3.4757594617377,  
		3.4847917528492,  3.4937582681675,  3.5022054407006,  3.5106504826804,  
		3.5190785363014,  3.5275535749822,  3.5364069889225,  3.544889948102,  
		3.5503596547192,  3.5558216088222,  3.5612198665931,  3.5668242132381,  
		3.5741390975389,  3.5810327887048,  3.5843946401902,  3.5877339221215,  
		3.5908819897757,  3.5940300574299,  3.5971781250842,  3.6003280181897,  
		3.6034937031711,  3.6066991479185,  3.6102522066197,  3.6138877579741,  
		3.6182522588322,  3.6226207740154,  3.6270251453058,  3.6314295165962,  
		3.6358338878866,  3.6402382591771,  3.6446426304675,  3.6490470017579,  
		3.6534513730483,  3.6578568642848,  3.662272808352,  3.6667134230344,  
		3.6713868981161,  3.6760884238611,  3.6810577322272,  3.6860282921594,  
		3.6910109375261,  3.6959935828928,  3.7009762282595,  3.7059588736262,  
		3.7109415189929,  3.7159300572315,  3.7209775241889,  3.7261510457988,  
		3.7326001856858,  3.7389471287272,  3.7442473963819,  3.7495429583271,  
		3.7547897377508,  3.7600185819017,  3.7650592064484,  3.7697417522107,  
		3.7706197108886,  3.7727941262802,  3.788916627695,  3.8041192967036,  
		3.809300070775,  3.814319914548,  3.8175638451451,  3.8208762465934,  
		3.8249540543414,  3.8291307026014,  3.8344267494319,  3.8396544330802,  
		3.8440976075299,  3.8485379410622,  3.8529452357781,  3.857352530494,  
		3.8617598252099,  3.8661692914142,  3.8706047055299,  3.8750904103553,  
		3.8801854064719,  3.8851153264199,  3.8880171677253,  3.8909128396078,  
		3.8937316372337,  3.8965517089509,  3.899387885184,  3.9022548096511,  
		3.9055160594444,  3.9086611179772,  3.9102940984628,  3.9119218191779,  
		3.913480067089,  3.9149731731766,  3.9155928283339,  3.9162102660958,  
		3.9167975156012,  3.9173847651066,  3.917972014612,  3.9185596598497,  
		3.9191528627977,  3.919758043643,  3.9205341329934,  3.9213109173676,  
		3.9220977795849,  3.9228846516315,  3.9236716685451,  3.9244588362793,  
		3.9252482639668,  3.9260425533973,  3.9269109265321,  3.9277800394014,  
		3.9286606181552,  3.9295419087913,  3.9304344261627,  3.9313525200095,  
		3.9326811162859,  3.9340869147275,  3.936754118038,  3.9394730290968,  
		3.9430522501032,  3.9466081343122,  3.9497685212153,  3.9529284971416,  
		3.9560813763803,  3.9592441632669,  3.9625813247581,  3.9659280765782,  
		3.9694469215232,  3.9729660074855,  3.9764895045179,  3.9800147548617,  
		3.983572744926,  3.9871945330733,  3.9920322376249,  3.9966541796383,  
		3.9970773826602,  3.9974953936816,  3.997810200447,  3.9981250072124,  
		3.9984398139778,  3.9987546207432,  3.9990694275087,  3.999383936776,  
		3.9996921274431,  3.9999870523668,  3.9999936684651,  4.0,  
		4.0,  4.0,  4.0,  4.0,  
		4.0,  4.0,  4.0,  4.0,  
		4.0,  4.0,  4.0,  4.0,  
		4.0,  4.0,  4.0,  4.0,  
		4.0,  4.0,  4.0,  4.0,  
		4.0,  4.0,  4.0,  4.0,  
		4.0,  4.0,  4.0,  4.0,  
		4.0,  4.0,  4.0,  4.0,  
		4.0,  4.0,  4.0,  4.0,  
		4.0,  3.9999997797927,  3.9999907689104,  3.9999637170861,  
		3.9991857110549,  3.998407502433,  3.9976204855194,  3.9968334686059,  
		3.9960464516923,  3.9952594347788,  3.9944724178652,  3.993685235853,  
		3.9928897741404,  3.9920772123885,  3.990361048553,  3.9886236027426,  
		3.9856979133287,  3.9827720484622,  3.9798358009352,  3.9768995534083,  
		3.9739633058813,  3.9710270452916,  3.9680899068828,  3.9651510686878,  
		3.9620897244756,  3.9590405358731,  3.9569357446423,  3.9548309643751,  
		3.9527271078021,  3.9506131651833,  3.9475713063498,  3.944569483559,  
		3.9456233118935,  3.9468876999737,  3.9718751527326,  3.9966801834957,  
		3.9983404235353,  3.9999893397628,  3.9999946855582,  4.0,  
		4.0,  4.0,  4.0,  4.0,  
		4.0,  4.0,  4.0,  4.0,  
		4.0,  4.0,  4.0,  4.0 ]
];
prUnarchive(o,p);
