var o, p;
o = [
	Array.prNew(2048)
];
p = [
	// Array
	0, [ -0.69855072463768,  -0.69855072463768,  -0.69855072463768,  -0.69855072463768,  
		-0.69855072463768,  -0.69855072463768,  -0.69855072463768,  -0.69855072463768,  
		-0.69855072463768,  -0.69855072463768,  -0.69855072463768,  -0.69855072463768,  
		-0.69855072463768,  -0.6978306889545,  -0.69710640527318,  -0.69710144927536,  
		-0.69710144927536,  -0.69710144927536,  -0.69710144927536,  -0.69710144927536,  
		-0.69710144927536,  -0.69710144927536,  -0.69710144927536,  -0.69710144927536,  
		-0.69710144927536,  -0.69710144927536,  -0.69710144927536,  -0.69710144927536,  
		-0.69710144927536,  -0.69710144927536,  -0.69710144927536,  -0.69710144927536,  
		-0.69710144927536,  -0.69710144927536,  -0.69710144927536,  -0.69710144927536,  
		-0.69710144927536,  -0.69852452864921,  -0.69997309601184,  -0.7,  
		-0.7,  -0.7,  -0.7,  -0.7,  
		-0.7,  -0.7,  -0.7,  -0.7,  
		-0.7,  -0.7,  -0.7,  -0.7,  
		-0.7,  -0.7,  -0.7,  -0.7,  
		-0.7,  -0.7,  -0.7,  -0.7,  
		-0.7,  -0.7,  -0.7,  -0.7,  
		-0.7,  -0.7,  -0.7,  -0.7,  
		-0.7,  -0.7,  -0.7,  -0.7,  
		-0.7,  -0.7,  -0.7,  -0.7,  
		-0.7,  -0.7,  -0.7,  -0.7,  
		-0.7,  -0.7,  -0.7,  -0.7,  
		-0.7,  -0.7,  -0.7,  -0.7,  
		-0.7,  -0.7,  -0.7,  -0.7,  
		-0.7,  -0.7,  -0.7,  -0.7,  
		-0.7,  -0.7,  -0.7,  -0.7,  
		-0.7,  -0.7,  -0.7,  -0.7,  
		-0.7,  -0.7,  -0.7,  -0.7,  
		-0.7,  -0.7,  -0.7,  -0.7,  
		-0.7,  -0.7,  -0.7,  -0.7,  
		-0.7,  -0.7,  -0.7,  -0.7,  
		-0.7,  -0.7,  -0.7,  -0.7,  
		-0.7,  -0.7,  -0.7,  -0.6997804162843,  
		-0.69954642238726,  -0.69907216675429,  -0.69858187697002,  -0.69824993711802,  
		-0.69792874125935,  -0.69753093678922,  -0.69712784896658,  -0.69710144927536,  
		-0.69710144927536,  -0.69710144927536,  -0.69710144927536,  -0.69710144927536,  
		-0.69710144927536,  -0.69710144927536,  -0.69710144927536,  -0.69710144927536,  
		-0.69710144927536,  -0.69710144927536,  -0.69710144927536,  -0.69710144927536,  
		-0.69710144927536,  -0.69710144927536,  -0.69710144927536,  -0.69710144927536,  
		-0.69710144927536,  -0.69710144927536,  -0.69710144927536,  -0.69710144927536,  
		-0.69710144927536,  -0.69710144927536,  -0.69710144927536,  -0.69710144927536,  
		-0.69710144927536,  -0.69710144927536,  -0.69710144927536,  -0.69710144927536,  
		-0.69710144927536,  -0.69710144927536,  -0.69710144927536,  -0.69710144927536,  
		-0.69710144927536,  -0.69710144927536,  -0.69710144927536,  -0.69710144927536,  
		-0.69710144927536,  -0.69710144927536,  -0.69710144927536,  -0.69710144927536,  
		-0.69710144927536,  -0.69710144927536,  -0.69710144927536,  -0.69710144927536,  
		-0.69710144927536,  -0.69710144927536,  -0.69710144927536,  -0.69710144927536,  
		-0.69710144927536,  -0.69710144927536,  -0.69710144927536,  -0.69710144927536,  
		-0.69710144927536,  -0.69710144927536,  -0.69710144927536,  -0.69710144927536,  
		-0.69710144927536,  -0.69710144927536,  -0.69710144927536,  -0.69710144927536,  
		-0.69710144927536,  -0.69710144927536,  -0.69710144927536,  -0.69710144927536,  
		-0.69710144927536,  -0.69710144927536,  -0.69710144927536,  -0.69710144927536,  
		-0.69710144927536,  -0.69710144927536,  -0.69710144927536,  -0.69710144927536,  
		-0.69710144927536,  -0.69710144927536,  -0.69710144927536,  -0.69710144927536,  
		-0.69710144927536,  -0.69710144927536,  -0.69710144927536,  -0.69710144927536,  
		-0.69710144927536,  -0.69710144927536,  -0.69710144927536,  -0.69710144927536,  
		-0.69710144927536,  -0.69710144927536,  -0.69710144927536,  -0.69710144927536,  
		-0.69710144927536,  -0.69710144927536,  -0.69710144927536,  -0.69710144927536,  
		-0.69710144927536,  -0.69710144927536,  -0.69710144927536,  -0.69710144927536,  
		-0.69710144927536,  -0.69710144927536,  -0.69710144927536,  -0.69710144927536,  
		-0.69710144927536,  -0.69710144927536,  -0.69710144927536,  -0.69710144927536,  
		-0.69710144927536,  -0.69710144927536,  -0.69710144927536,  -0.69710144927536,  
		-0.69710144927536,  -0.69710144927536,  -0.69710144927536,  -0.69710144927536,  
		-0.69710144927536,  -0.69710144927536,  -0.69710144927536,  -0.69710144927536,  
		-0.69710144927536,  -0.69710144927536,  -0.69710144927536,  -0.69710144927536,  
		-0.69710144927536,  -0.69710144927536,  -0.69710144927536,  -0.69710144927536,  
		-0.69710144927536,  -0.69710144927536,  -0.69710144927536,  -0.69710144927536,  
		-0.69710144927536,  -0.69710144927536,  -0.69710144927536,  -0.69710144927536,  
		-0.69710144927536,  -0.69710144927536,  -0.69710144927536,  -0.69710144927536,  
		-0.69710144927536,  -0.69710144927536,  -0.69710144927536,  -0.69710144927536,  
		-0.69710144927536,  -0.69710144927536,  -0.69710144927536,  -0.69710144927536,  
		-0.69710144927536,  -0.69710144927536,  -0.69710144927536,  -0.69710144927536,  
		-0.69710144927536,  -0.69710144927536,  -0.69710144927536,  -0.69710144927536,  
		-0.69710144927536,  -0.69710144927536,  -0.69710144927536,  -0.69710144927536,  
		-0.69710144927536,  -0.69710144927536,  -0.69710144927536,  -0.69713661256781,  
		-0.69717767654974,  -0.69838749368311,  -0.69979499706381,  -0.7,  
		-0.7,  -0.70004410568147,  -0.70009578965873,  -0.7012941147737,  
		-0.70269099815907,  -0.7035152184533,  -0.70423950213462,  -0.70501677159907,  
		-0.70580335925297,  -0.70956035579344,  -0.71384375390875,  -0.71449275362319,  
		-0.71449275362319,  -0.71516839295054,  -0.71596560059977,  -0.71786559908342,  
		-0.71996552615945,  -0.720902274803,  -0.72162655848431,  -0.72173913043478,  
		-0.72173913043478,  -0.72235013416594,  -0.72307441784726,  -0.72379870152857,  
		-0.72452298520989,  -0.7252472688912,  -0.72597155257252,  -0.72730471598592,  
		-0.72875328334856,  -0.72898550724638,  -0.72898550724638,  -0.72898550724638,  
		-0.72898550724638,  -0.7295922629794,  -0.73031654666072,  -0.7304347826087,  
		-0.7304347826087,  -0.73113657432337,  -0.73197626195391,  -0.73383253470899,  
		-0.73588998180372,  -0.73653384592511,  -0.73689598776577,  -0.73725812960642,  
		-0.73762027144708,  -0.73888617489008,  -0.74033474225271,  -0.74118150988014,  
		-0.74190579356145,  -0.74232953137501,  -0.74269167321566,  -0.74365419879215,  
		-0.74474062431413,  -0.74612688770417,  -0.7475754550668,  -0.75034374215374,  
		-0.7533881408142,  -0.75455647179574,  -0.75532960745556,  -0.7559006386178,  
		-0.7564288063854,  -0.75724868663462,  -0.75813085424647,  -0.7617338016817,  
		-0.76592161983906,  -0.76666666666667,  -0.76666666666667,  -0.76785610614331,  
		-0.76930467350594,  -0.77075324086857,  -0.7722018082312,  -0.77246376811594,  
		-0.77246376811594,  -0.7730563638552,  -0.77378064753652,  -0.77391304347826,  
		-0.77391304347826,  -0.77450422321814,  -0.77522850689946,  -0.77565755471068,  
		-0.77601969655133,  -0.77638183839199,  -0.77674398023265,  -0.7768115942029,  
		-0.7768115942029,  -0.77815104863993,  -0.7797999799144,  -0.78112378499762,  
		-0.78237198844841,  -0.78260869565217,  -0.78260869565217,  -0.78905715681485,  
		-0.79702427730932,  -0.79855072463768,  -0.79855072463768,  -0.79855072463768,  
		-0.79855072463768,  -0.79855072463768,  -0.79855072463768,  -0.79855072463768,  
		-0.79855072463768,  -0.79855072463768,  -0.79855072463768,  -0.79855072463768,  
		-0.79855072463768,  -0.79680692140495,  -0.79463407036101,  -0.79391261867845,  
		-0.79355047683779,  -0.79260848325227,  -0.79152205773029,  -0.79130434782609,  
		-0.79130434782609,  -0.79130434782609,  -0.79130434782609,  -0.79130434782609,  
		-0.79130434782609,  -0.79130434782609,  -0.79130434782609,  -0.79130434782609,  
		-0.79130434782609,  -0.79130434782609,  -0.79130434782609,  -0.79130434782609,  
		-0.79130434782609,  -0.79130434782609,  -0.79130434782609,  -0.79130434782609,  
		-0.79130434782609,  -0.79130434782609,  -0.79130434782609,  -0.79130434782609,  
		-0.79130434782609,  -0.79130434782609,  -0.79130434782609,  -0.79130434782609,  
		-0.79130434782609,  -0.79130434782609,  -0.79130434782609,  -0.79130434782609,  
		-0.79130434782609,  -0.79130434782609,  -0.79130434782609,  -0.79130434782609,  
		-0.79130434782609,  -0.79130434782609,  -0.79130434782609,  -0.79130434782609,  
		-0.79130434782609,  -0.79130434782609,  -0.79130434782609,  -0.79130434782609,  
		-0.79130434782609,  -0.79130434782609,  -0.79130434782609,  -0.79130434782609,  
		-0.79130434782609,  -0.79130434782609,  -0.79130434782609,  -0.79130434782609,  
		-0.79130434782609,  -0.79130434782609,  -0.79130434782609,  -0.79130434782609,  
		-0.79130434782609,  -0.79130434782609,  -0.79130434782609,  -0.79130434782609,  
		-0.79130434782609,  -0.79130434782609,  -0.79130434782609,  -0.79130434782609,  
		-0.79130434782609,  -0.79130434782609,  -0.79130434782609,  -0.79130434782609,  
		-0.79130434782609,  -0.79130434782609,  -0.79130434782609,  -0.79130434782609,  
		-0.79130434782609,  -0.79130434782609,  -0.79130434782609,  -0.79130434782609,  
		-0.79130434782609,  -0.79130434782609,  -0.79130434782609,  -0.79130434782609,  
		-0.79130434782609,  -0.79130434782609,  -0.79130434782609,  -0.79130434782609,  
		-0.79130434782609,  -0.79130434782609,  -0.79130434782609,  -0.79130434782609,  
		-0.79130434782609,  -0.79130434782609,  -0.79130434782609,  -0.79130434782609,  
		-0.79130434782609,  -0.79130434782609,  -0.79130434782609,  -0.79130434782609,  
		-0.79130434782609,  -0.79130434782609,  -0.79130434782609,  -0.79130434782609,  
		-0.79130434782609,  -0.79130434782609,  -0.79130434782609,  -0.79130434782609,  
		-0.79130434782609,  -0.79130434782609,  -0.79130434782609,  -0.79130434782609,  
		-0.79130434782609,  -0.79130434782609,  -0.79130434782609,  -0.79130434782609,  
		-0.79130434782609,  -0.79130434782609,  -0.79130434782609,  -0.79130434782609,  
		-0.79130434782609,  -0.79130434782609,  -0.79130434782609,  -0.79130434782609,  
		-0.79130434782609,  -0.79130434782609,  -0.79130434782609,  -0.79130434782609,  
		-0.79130434782609,  -0.79130434782609,  -0.79130434782609,  -0.79130434782609,  
		-0.79130434782609,  -0.79130434782609,  -0.79130434782609,  -0.79130434782609,  
		-0.79130434782609,  -0.79130434782609,  -0.79130434782609,  -0.79130434782609,  
		-0.79130434782609,  -0.79130434782609,  -0.79130434782609,  -0.79130434782609,  
		-0.79130434782609,  -0.79130434782609,  -0.79130434782609,  -0.79130434782609,  
		-0.79130434782609,  -0.79130434782609,  -0.79130434782609,  -0.79130434782609,  
		-0.79130434782609,  -0.79130434782609,  -0.79130434782609,  -0.79130434782609,  
		-0.79130434782609,  -0.79130434782609,  -0.79130434782609,  -0.79130434782609,  
		-0.79130434782609,  -0.79130434782609,  -0.79130434782609,  -0.79130434782609,  
		-0.79130434782609,  -0.79130434782609,  -0.79130434782609,  -0.79130434782609,  
		-0.79130434782609,  -0.79130434782609,  -0.79130434782609,  -0.79130434782609,  
		-0.79130434782609,  -0.79130434782609,  -0.79130434782609,  -0.79130434782609,  
		-0.79130434782609,  -0.79130434782609,  -0.79130434782609,  -0.79130434782609,  
		-0.79130434782609,  -0.79130434782609,  -0.79130434782609,  -0.79130434782609,  
		-0.79130434782609,  -0.79130434782609,  -0.79130434782609,  -0.79130434782609,  
		-0.79130434782609,  -0.79130434782609,  -0.79130434782609,  -0.79130434782609,  
		-0.79130434782609,  -0.79130434782609,  -0.79130434782609,  -0.79130434782609,  
		-0.79130434782609,  -0.79130434782609,  -0.79130434782609,  -0.79130434782609,  
		-0.79130434782609,  -0.79130434782609,  -0.79130434782609,  -0.79130434782609,  
		-0.79130434782609,  -0.79130434782609,  -0.79130434782609,  -0.79130434782609,  
		-0.79130434782609,  -0.79130434782609,  -0.79130434782609,  -0.79130434782609,  
		-0.79130434782609,  -0.79130434782609,  -0.79130434782609,  -0.79130434782609,  
		-0.79130434782609,  -0.79130434782609,  -0.79130434782609,  -0.79130434782609,  
		-0.79130434782609,  -0.79130434782609,  -0.79130434782609,  -0.79130434782609,  
		-0.79130434782609,  -0.79130434782609,  -0.79130434782609,  -0.79130434782609,  
		-0.79130434782609,  -0.79130434782609,  -0.79130434782609,  -0.79130434782609,  
		-0.79130434782609,  -0.79130434782609,  -0.79130434782609,  -0.79130434782609,  
		-0.79130434782609,  -0.79130434782609,  -0.79130434782609,  -0.79130434782609,  
		-0.79130434782609,  -0.79130434782609,  -0.79130434782609,  -0.79130434782609,  
		-0.79130434782609,  -0.79130434782609,  -0.79130434782609,  -0.79130434782609,  
		-0.79130434782609,  -0.79130434782609,  -0.79130434782609,  -0.79130434782609,  
		-0.79130434782609,  -0.79130434782609,  -0.79130434782609,  -0.79130434782609,  
		-0.79130434782609,  -0.79130434782609,  -0.79130434782609,  -0.79130434782609,  
		-0.79130434782609,  -0.79130434782609,  -0.79130434782609,  -0.79130434782609,  
		-0.79130434782609,  -0.79130434782609,  -0.79130434782609,  -0.79130434782609,  
		-0.79130434782609,  -0.79130434782609,  -0.79130434782609,  -0.79130434782609,  
		-0.79130434782609,  -0.79130434782609,  -0.79130434782609,  -0.79130434782609,  
		-0.79130434782609,  -0.79130434782609,  -0.79130434782609,  -0.79130434782609,  
		-0.79130434782609,  -0.79130434782609,  -0.79130434782609,  -0.79130434782609,  
		-0.79130434782609,  -0.79130434782609,  -0.79130434782609,  -0.79130434782609,  
		-0.79130434782609,  -0.79130434782609,  -0.79130434782609,  -0.79130434782609,  
		-0.79130434782609,  -0.79130434782609,  -0.79130434782609,  -0.79130434782609,  
		-0.79130434782609,  -0.79130434782609,  -0.79130434782609,  -0.79130434782609,  
		-0.79130434782609,  -0.79130434782609,  -0.79130434782609,  -0.79130434782609,  
		-0.79130434782609,  -0.79130434782609,  -0.79130434782609,  -0.79130434782609,  
		-0.79130434782609,  -0.79130434782609,  -0.79130434782609,  -0.79130434782609,  
		-0.79130434782609,  -0.79130434782609,  -0.79130434782609,  -0.79130434782609,  
		-0.79130434782609,  -0.79130434782609,  -0.79130434782609,  -0.79130434782609,  
		-0.79130434782609,  -0.79130434782609,  -0.79130434782609,  -0.79130434782609,  
		-0.79130434782609,  -0.79130434782609,  -0.79130434782609,  -0.79130434782609,  
		-0.79130434782609,  -0.79130434782609,  -0.79130434782609,  -0.79130434782609,  
		-0.79130434782609,  -0.79130434782609,  -0.79130434782609,  -0.79130434782609,  
		-0.79130434782609,  -0.79130434782609,  -0.79130434782609,  -0.79222757941986,  
		-0.7936761467825,  -0.79420289855072,  -0.79420289855072,  -0.79420289855072,  
		-0.79420289855072,  -0.79420289855072,  -0.79420289855072,  -0.79383587151222,  
		-0.79325644456716,  -0.79267701762211,  -0.79209759067706,  -0.79151816373201,  
		-0.79093873678696,  -0.7903593098419,  -0.78977988289685,  -0.78900933949865,  
		-0.78812632228717,  -0.78731094638318,  -0.78653554512436,  -0.78576014386554,  
		-0.78498474260671,  -0.78404182876001,  -0.78299908681882,  -0.78230661578509,  
		-0.78182375999755,  -0.78134090421,  -0.78085804842246,  -0.78031271356563,  
		-0.77972967582217,  -0.7793801448655,  -0.77917211095704,  -0.77896407704857,  
		-0.77875604314011,  -0.77829267603021,  -0.77767329430273,  -0.77679495932459,  
		-0.77575773978096,  -0.77518305331946,  -0.77489333984693,  -0.7746036263744,  
		-0.77431391290188,  -0.77402419942935,  -0.77373448595683,  -0.7734447724843,  
		-0.77315505901177,  -0.7727766854766,  -0.77234277606752,  -0.77197690033016,  
		-0.77165381647232,  -0.77133073261448,  -0.77100764875663,  -0.77068456489879,  
		-0.77036148104095,  -0.77003104381391,  -0.76969592396136,  -0.76917841563774,  
		-0.76854428391676,  -0.76780034834184,  -0.7669859127002,  -0.76651987473126,  
		-0.76627844683748,  -0.76603701894371,  -0.76579559104994,  -0.76541342139991,  
		-0.76493976960832,  -0.76445497945213,  -0.76396291966863,  -0.76351794426693,  
		-0.76310382513486,  -0.76268970600279,  -0.76227558687071,  -0.76186146773864,  
		-0.76144734860657,  -0.7610332294745,  -0.76061911034242,  -0.76014361798892,  
		-0.75962724347327,  -0.75914180761299,  -0.75867706481748,  -0.75821232202196,  
		-0.75774757922645,  -0.75728283643094,  -0.75681809363542,  -0.75635335083991,  
		-0.7558886080444,  -0.75542386524889,  -0.75495912245337,  -0.75442978904698,  
		-0.75385636829929,  -0.75335712908982,  -0.75290872928712,  -0.75246032948441,  
		-0.75201192968171,  -0.751502398293,  -0.75095063053578,  -0.75032595357506,  
		-0.74965069887217,  -0.74897544416928,  -0.74830018946639,  -0.74753837920628,  
		-0.74671603756811,  -0.74603640534398,  -0.74545697839893,  -0.74487755145388,  
		-0.74429812450883,  -0.74371869756377,  -0.74313927061872,  -0.74255984367367,  
		-0.74198041672862,  -0.74126774154307,  -0.74045998469849,  -0.73974520101651,  
		-0.73909702730171,  -0.7384488535869,  -0.7378006798721,  -0.73701530266928,  
		-0.73613083405844,  -0.73538487697024,  -0.73473935825427,  -0.7340938395383,  
		-0.73344832082233,  -0.73268307069543,  -0.73183030116156,  -0.73111879000728,  
		-0.73051094813837,  -0.72990310626945,  -0.72929526440054,  -0.72868742253163,  
		-0.72807958066271,  -0.7274717387938,  -0.72686389692489,  -0.72625605505597,  
		-0.72564821318706,  -0.72504037131815,  -0.72443252944923,  -0.72382468758032,  
		-0.72321684571141,  -0.72256890765046,  -0.7218907083125,  -0.72126163810822,  
		-0.72066979461863,  -0.72007795112904,  -0.71948610763946,  -0.71889426414987,  
		-0.71830242066028,  -0.71771057717069,  -0.7171187336811,  -0.71652689019151,  
		-0.71593504670192,  -0.71528659801437,  -0.71459439556894,  -0.7139029654868,  
		-0.71321213479077,  -0.71252130409473,  -0.7118304733987,  -0.71107886269422,  
		-0.71027970804584,  -0.70954271462818,  -0.70885453893098,  -0.70816636323378,  
		-0.70747818753658,  -0.70676116379342,  -0.70602130411895,  -0.70551366557399,  
		-0.70519058171614,  -0.7048674978583,  -0.70454441400046,  -0.70422133014261,  
		-0.70389824628477,  -0.70351721649348,  -0.70308958468164,  -0.70263139884218,  
		-0.70214854305464,  -0.7016656872671,  -0.70118283147955,  -0.70069997569201,  
		-0.70021711990447,  -0.69973426411692,  -0.69925140832938,  -0.69876855254184,  
		-0.69828569675429,  -0.69780284096675,  -0.69731998517921,  -0.69683712939166,  
		-0.69635427360412,  -0.69587141781658,  -0.69538856202903,  -0.69482525173143,  
		-0.69419489600879,  -0.69373184275799,  -0.69340875890015,  -0.6930856750423,  
		-0.69276259118446,  -0.69243950732662,  -0.69211642346877,  -0.69179333961093,  
		-0.69147025575309,  -0.69114717189524,  -0.6908240880374,  -0.69045414193625,  
		-0.69004421011662,  -0.68975767897466,  -0.68957685585422,  -0.68939603273378,  
		-0.68921520961334,  -0.68903438649291,  -0.68885356337247,  -0.68867220928687,  
		-0.68849039496687,  -0.68823348522614,  -0.68791122736794,  -0.68754639540529,  
		-0.68714436958219,  -0.68676359182402,  -0.68640144998336,  -0.68565415631217,  
		-0.6845677307902,  -0.68367352718365,  -0.68294924350233,  -0.68203309190544,  
		-0.68094666638347,  -0.67972208126246,  -0.67837440385544,  -0.67723358277969,  
		-0.67627778320024,  -0.67530603649877,  -0.67431996993264,  -0.67328377709238,  
		-0.67220239606819,  -0.671121015044,  -0.6700396340198,  -0.66895825299561,  
		-0.66787687197142,  -0.66679549094723,  -0.66571410992303,  -0.66463272889884,  
		-0.66355134787465,  -0.66243234113094,  -0.66127874413853,  -0.65998426939578,  
		-0.65855977402256,  -0.65713527864933,  -0.65571078327611,  -0.65426091733732,  
		-0.65278745198564,  -0.65165825327037,  -0.65085054362576,  -0.65004283398115,  
		-0.64923512433655,  -0.64842741469194,  -0.64761970504733,  -0.64663634850053,  
		-0.64548702900624,  -0.64448149642814,  -0.64361235601056,  -0.64274321559299,  
		-0.64187407517541,  -0.64100493475783,  -0.64013579434025,  -0.63926665392267,  
		-0.63839751350509,  -0.63748221953598,  -0.63652245515827,  -0.63555786835454,  
		-0.63458861678101,  -0.63361936520748,  -0.63265011363395,  -0.63168086206042,  
		-0.63071161048689,  -0.62974235891336,  -0.62877310733983,  -0.6278038557663,  
		-0.62683460419277,  -0.62586535261924,  -0.62489610104572,  -0.62374222557688,  
		-0.62240552216503,  -0.62137592659459,  -0.62065164291328,  -0.61992735923196,  
		-0.61920307555065,  -0.61847879186933,  -0.61775450818802,  -0.6170302245067,  
		-0.61630594082539,  -0.61558165714407,  -0.61485737346276,  -0.61413308978144,  
		-0.61340880610013,  -0.61268452241881,  -0.61196023873749,  -0.61117908364895,  
		-0.61033982081822,  -0.60957150675393,  -0.60887596785997,  -0.60818042896601,  
		-0.60748489007204,  -0.60678935117808,  -0.60609381228412,  -0.60527580605401,  
		-0.60433069726986,  -0.60357322304069,  -0.60301124828795,  -0.60244927353522,  
		-0.60188729878249,  -0.60132532402976,  -0.60076334927703,  -0.6002013745243,  
		-0.59963939977157,  -0.59907742501884,  -0.59851545026611,  -0.59783695899321,  
		-0.59703466891765,  -0.59636347216228,  -0.5958321082818,  -0.59530074440131,  
		-0.59476938052083,  -0.59423801664034,  -0.59370665275986,  -0.59317528887937,  
		-0.59264392499888,  -0.5920936675619,  -0.59152293889874,  -0.59114356358833,  
		-0.59097233386367,  -0.59080110413901,  -0.59062987441435,  -0.59045864468969,  
		-0.59028741496503,  -0.59004439490246,  -0.58972236124416,  -0.58941709472099,  
		-0.58913035484716,  -0.58881776917825,  -0.5884765133284,  -0.58819108541098,  
		-0.58796782950921,  -0.58774457360744,  -0.58752131770567,  -0.58726214598784,  
		-0.58696266211962,  -0.58665208187308,  -0.58632899801524,  -0.5860059141574,  
		-0.58568283029955,  -0.58535974644171,  -0.58503666258387,  -0.58467619661931,  
		-0.58427310879666,  -0.58400381020621,  -0.58388765400732,  -0.58377149780843,  
		-0.58365534160954,  -0.58353918541065,  -0.58342302921176,  -0.58330687301286,  
		-0.58319071681397,  -0.58307456061508,  -0.58295840441619,  -0.58282963087388,  
		-0.58268612818702,  -0.58254200208152,  -0.58239714534526,  -0.58225228860899,  
		-0.58210743187273,  -0.58196257513647,  -0.5818177184002,  -0.58167286166394,  
		-0.58152800492768,  -0.58133169440056,  -0.5810741241139,  -0.5807572764668,  
		-0.58036957583739,  -0.57998187520797,  -0.57959417457856,  -0.57920647394915,  
		-0.57881877331974,  -0.57843107269033,  -0.57804337206092,  -0.5776556714315,  
		-0.57726797080209,  -0.57688027017268,  -0.57649256954327,  -0.57607316049379,  
		-0.57561494309541,  -0.57526018936646,  -0.57503256746661,  -0.57480494556676,  
		-0.57457732366692,  -0.574331199306,  -0.57406215942438,  -0.57384235147417,  
		-0.57368375954396,  -0.57293542809609,  -0.57145089434929,  -0.57036709783848,  
		-0.56978554689436,  -0.56920399595024,  -0.56862244500612,  -0.56793766313969,  
		-0.56712247229837,  -0.56650701273691,  -0.56614487089626,  -0.5657827290556,  
		-0.56542058721494,  -0.56505844537428,  -0.56469630353363,  -0.56433416169297,  
		-0.56397201985231,  -0.56360987801165,  -0.563247736171,  -0.56284677926824,  
		-0.56239560646675,  -0.56204858101925,  -0.56183683011242,  -0.56162507920559,  
		-0.56141332829876,  -0.56112217000165,  -0.5607270471755,  -0.56032042760173,  
		-0.55989869578729,  -0.55947696397285,  -0.55905523215842,  -0.5585252956604,  
		-0.55785198795666,  -0.55721078431308,  -0.55661228857642,  -0.55601379283976,  
		-0.5554152971031,  -0.55507246376812,  -0.55507246376812,  -0.55507246376812,  
		-0.55507246376812,  -0.55507246376812,  -0.55507246376812,  -0.55507246376812,  
		-0.55507246376812,  -0.55507246376812,  -0.55507246376812,  -0.55507246376812,  
		-0.55507246376812,  -0.55507246376812,  -0.55507246376812,  -0.55507246376812,  
		-0.55507246376812,  -0.55507246376812,  -0.55507246376812,  -0.55507246376812,  
		-0.55507246376812,  -0.55507246376812,  -0.55507246376812,  -0.55507246376812,  
		-0.55507246376812,  -0.55503669698033,  -0.55495060421822,  -0.55481984947927,  
		-0.55462599916456,  -0.55443214884985,  -0.55423829853515,  -0.55402108353864,  
		-0.55377059324886,  -0.5536231884058,  -0.5536231884058,  -0.5536231884058,  
		-0.5536231884058,  -0.5536231884058,  -0.5536231884058,  -0.5536231884058,  
		-0.5536231884058,  -0.5536231884058,  -0.5536231884058,  -0.5536231884058,  
		-0.5536231884058,  -0.5536231884058,  -0.5536231884058,  -0.5536231884058,  
		-0.5536231884058,  -0.5536231884058,  -0.5536231884058,  -0.5536231884058,  
		-0.5536231884058,  -0.5536231884058,  -0.5536231884058,  -0.5536231884058,  
		-0.5536231884058,  -0.5536231884058,  -0.5536231884058,  -0.5536231884058,  
		-0.5536231884058,  -0.5536231884058,  -0.5536231884058,  -0.5536231884058,  
		-0.5536231884058,  -0.5536231884058,  -0.5536231884058,  -0.5536231884058,  
		-0.5536231884058,  -0.5536231884058,  -0.5536231884058,  -0.5536231884058,  
		-0.5536231884058,  -0.5536231884058,  -0.5536231884058,  -0.5536231884058,  
		-0.5536231884058,  -0.5536231884058,  -0.5536231884058,  -0.5536231884058,  
		-0.5536231884058,  -0.5536231884058,  -0.5536231884058,  -0.5536231884058,  
		-0.5536231884058,  -0.5536231884058,  -0.5536231884058,  -0.5536231884058,  
		-0.5536231884058,  -0.5536231884058,  -0.5536231884058,  -0.5536231884058,  
		-0.5536231884058,  -0.5536231884058,  -0.5536231884058,  -0.5536231884058,  
		-0.5536231884058,  -0.5536231884058,  -0.5536231884058,  -0.5536231884058,  
		-0.5536231884058,  -0.5536231884058,  -0.5536231884058,  -0.5536231884058,  
		-0.5536231884058,  -0.5536231884058,  -0.5536231884058,  -0.5536231884058,  
		-0.5536231884058,  -0.5536231884058,  -0.5536231884058,  -0.5536231884058,  
		-0.5536231884058,  -0.5536231884058,  -0.5536231884058,  -0.5536231884058,  
		-0.5536231884058,  -0.55351179876175,  -0.55321113489404,  -0.55286503862404,  
		-0.55244141881043,  -0.55190699716092,  -0.55118271347961,  -0.55072463768116,  
		-0.55072463768116,  -0.55072463768116,  -0.55072463768116,  -0.55072463768116,  
		-0.55072463768116,  -0.55072463768116,  -0.55072463768116,  -0.55072463768116,  
		-0.55072463768116,  -0.55072463768116,  -0.55072463768116,  -0.55072463768116,  
		-0.55072463768116,  -0.55072463768116,  -0.55072463768116,  -0.55072463768116,  
		-0.55072463768116,  -0.55069720632666,  -0.5506207423603,  -0.55040800194951,  
		-0.54995063415075,  -0.549493266352,  -0.54903589855324,  -0.54857853075448,  
		-0.54812116295572,  -0.54782608695652,  -0.54782608695652,  -0.54782608695652,  
		-0.54782608695652,  -0.54774266070486,  -0.54750624780888,  -0.54726983491291,  
		-0.54703342201693,  -0.54679172940186,  -0.54654027151251,  -0.5463768115942,  
		-0.5463768115942,  -0.54632682044904,  -0.54618356851207,  -0.54598906930147,  
		-0.54569855342929,  -0.54540803755712,  -0.54511752168495,  -0.54492753623188,  
		-0.54492753623188,  -0.54492753623188,  -0.54492753623188,  -0.54492753623188,  
		-0.54492753623188,  -0.54492753623188,  -0.54492753623188,  -0.5448036362864,  
		-0.54444149444574,  -0.54407935260508,  -0.54371721076443,  -0.54339974557273,  
		-0.54316893767429,  -0.54284903324027,  -0.5423555574574,  -0.54202898550725,  
		-0.54202898550725,  -0.54178472561472,  -0.54106044193341,  -0.54057971014493,  
		-0.54057971014493,  -0.54057971014493,  -0.54057971014493,  -0.54057971014493,  
		-0.54057971014493,  -0.54057971014493,  -0.54057971014493,  -0.54057971014493,  
		-0.54057971014493,  -0.54057971014493,  -0.54057971014493,  -0.54057971014493,  
		-0.54057971014493,  -0.54055125589352,  -0.54046487993152,  -0.54030211474801,  
		-0.53998316088835,  -0.53966420702869,  -0.53934525316903,  -0.53913043478261,  
		-0.53913043478261,  -0.53913043478261,  -0.53913043478261,  -0.53913043478261,  
		-0.53913043478261,  -0.53913043478261,  -0.53913043478261,  -0.53913043478261,  
		-0.53913043478261,  -0.53911563461317,  -0.53906961463342,  -0.53877423204198,  
		-0.53795047440443,  -0.53720502028668,  -0.53662623054135,  -0.53623188405797,  
		-0.53623188405797,  -0.53623188405797,  -0.53623188405797,  -0.53617718205037,  
		-0.53600446552636,  -0.53583174900236,  -0.53565903247835,  -0.53548631595435,  
		-0.53531359943034,  -0.53513039703647,  -0.53492426292717,  -0.53471116739766,  
		-0.53448277849815,  -0.53425438959865,  -0.53402600069914,  -0.53378545226832,  
		-0.53351794638602,  -0.53333333333333,  -0.53333333333333,  -0.53333333333333,  
		-0.53333333333333,  -0.53333333333333,  -0.53333333333333,  -0.53333333333333,  
		-0.53333333333333,  -0.53333333333333,  -0.53333333333333,  -0.53333333333333,  
		-0.53333333333333,  -0.53333333333333,  -0.53333333333333,  -0.53333333333333,  
		-0.53333333333333,  -0.53333333333333,  -0.53333333333333,  -0.53333333333333,  
		-0.53333333333333,  -0.53333333333333,  -0.53333333333333,  -0.53333333333333,  
		-0.53333333333333,  -0.53333333333333,  -0.53333333333333,  -0.53333333333333,  
		-0.53333333333333,  -0.53339650569557,  -0.53360979060172,  -0.53382307550788,  
		-0.53403636041403,  -0.53427448707758,  -0.53457220094659,  -0.53488880864892,  
		-0.53525095048958,  -0.53563533756972,  -0.53607358937689,  -0.53651744404767,  
		-0.53697492984638,  -0.53743241564508,  -0.53788990144379,  -0.5383473872425,  
		-0.5388048730412,  -0.53913043478261,  -0.53913043478261,  -0.53923451073682,  
		-0.53959665257747,  -0.53995879441813,  -0.54032093625879,  -0.54057971014493,  
		-0.54057971014493,  -0.54057971014493,  -0.54057971014493,  -0.54057971014493,  
		-0.54057971014493,  -0.54057971014493,  -0.54057971014493,  -0.54078361405521,  
		-0.54150789773653,  -0.54205629678555,  -0.54215364674272,  -0.54239905237667,  
		-0.54302598610082,  -0.54347826086957,  -0.54347826086957,  -0.54351626077464,  
		-0.54365314071442,  -0.5439309086704,  -0.54457707638609,  -0.54522857866834,  
		-0.54589409837551,  -0.5463768115942,  -0.5463768115942,  -0.54657505150698,  
		-0.54729933518829,  -0.54782608695652,  -0.54782608695652,  -0.54782608695652,  
		-0.54782608695652,  -0.54782608695652,  -0.54782608695652,  -0.54782608695652,  
		-0.54782608695652,  -0.54788984499298,  -0.54812702488863,  -0.54862513623544,  
		-0.54983652370243,  -0.55072463768116,  -0.55072463768116,  -0.55072463768116,  
		-0.55072463768116,  -0.55082057163895,  -0.55118271347961,  -0.5515466305101,  
		-0.5519154983478,  -0.55237605491348,  -0.55309361259775,  -0.5536231884058,  
		-0.5536231884058,  -0.5536231884058,  -0.5536231884058,  -0.5536231884058,  
		-0.5536231884058,  -0.5536231884058,  -0.5536231884058,  -0.5536231884058,  
		-0.5536231884058,  -0.5536231884058,  -0.5536231884058,  -0.55371593636499,  
		-0.55407807820565,  -0.55445178058081,  -0.55485923440153,  -0.55533569569921,  
		-0.55601466740047,  -0.55670511104975,  -0.55742939473107,  -0.55797101449275,  
		-0.55797101449275,  -0.55797101449275,  -0.55797101449275,  -0.55797101449275,  
		-0.55797101449275,  -0.55797101449275,  -0.55797101449275,  -0.55797101449275,  
		-0.55797101449275,  -0.55797101449275,  -0.55797101449275,  -0.55797101449275,  
		-0.55797101449275,  -0.55797101449275,  -0.55797101449275,  -0.55797101449275,  
		-0.55797101449275,  -0.55797101449275,  -0.55797101449275,  -0.55797101449275,  
		-0.55797101449275,  -0.55797101449275,  -0.55797101449275,  -0.55797101449275,  
		-0.55797101449275,  -0.55797101449275,  -0.55797101449275,  -0.55797101449275,  
		-0.55797101449275,  -0.55797964752121,  -0.55801599150522,  -0.55812016642713,  
		-0.55844325028497,  -0.55877617485403,  -0.55914103069349,  -0.55946276983638,  
		-0.55964384075671,  -0.55982491167704,  -0.56000598259737,  -0.5601870535177,  
		-0.56036812443803,  -0.56055523141904,  -0.56076235672791,  -0.56058151301803,  
		-0.55910689126687,  -0.55797101449275,  -0.55797101449275,  -0.55797101449275,  
		-0.55797101449275,  -0.55797101449275,  -0.55797101449275,  -0.55797101449275,  
		-0.55797101449275,  -0.55797101449275,  -0.55797101449275,  -0.55797101449275,  
		-0.55797101449275,  -0.55797101449275,  -0.55797101449275,  -0.55797101449275,  
		-0.55797101449275,  -0.55797101449275,  -0.55797101449275,  -0.55797101449275,  
		-0.55797101449275,  -0.55797101449275,  -0.55797101449275,  -0.55797101449275,  
		-0.55797101449275,  -0.55797101449275,  -0.55797101449275,  -0.55790313026456,  
		-0.5575903124022,  -0.55725618349545,  -0.5568447176765,  -0.55652173913043,  
		-0.55652173913043,  -0.55649682169389,  -0.55638042654511,  -0.55617927802012,  
		-0.55566516404633,  -0.55515105007254,  -0.55463693609875,  -0.55412282212496,  
		-0.55360870815117,  -0.55306759804347,  -0.55242503269763,  -0.55186165407672,  
		-0.55159763087861,  -0.55133360768049,  -0.55106958448238,  -0.55080556128426,  
		-0.55054153808615,  -0.55027751488803,  -0.55001349168992,  -0.54970310593156,  
		-0.54921323083281,  -0.54857363565986,  -0.54735092019785,  -0.5463031796266,  
		-0.54594103778594,  -0.54557889594529,  -0.54521675410463,  -0.54485461226397,  
		-0.54449247042331,  -0.54412990295234,  -0.54376563711262,  -0.54328072895648,  
		-0.54231147738295,  -0.54129614423439,  -0.54009466876304,  -0.53904238375195,  
		-0.53859646194815,  -0.53815054014436,  -0.53770461834056,  -0.53723703437621,  
		-0.53668031062117,  -0.53623188405797,  -0.53623188405797,  -0.53620591645649,  
		-0.53607175051553,  -0.53584978153988,  -0.53525966379953,  -0.53477826795856,  
		-0.53475561196853,  -0.53461410476979,  -0.53396793705411,  -0.53329643822151,  
		-0.5325166945646,  -0.53182940484746,  -0.53153971497492,  -0.5312228290557,  
		-0.53078823524692,  -0.53036716863845,  -0.53000502679779,  -0.52963262830475,  
		-0.52921526248839,  -0.52869593537379,  -0.52772668380026,  -0.52672451404767,  
		-0.52557613855295,  -0.5245129856659,  -0.52383082796605,  -0.5231486702662,  
		-0.52246651256635,  -0.52176150059503,  -0.52095296495078,  -0.52000245241495,  
		-0.51840455611803,  -0.5168066598211,  -0.51520876352418,  -0.51356171177087,  
		-0.51168751859552,  -0.50995270562081,  -0.50886628009884,  -0.50766300348458,  
		-0.50591247425482,  -0.50414614998801,  -0.50230535079796,  -0.50044415125091,  
		-0.49848610731245,  -0.49668394268956,  -0.49562682835469,  -0.49456971401982,  
		-0.49351259968495,  -0.49245548535008,  -0.49139837101522,  -0.49028116598538,  
		-0.48887075980596,  -0.48754501481744,  -0.48663523521774,  -0.4856954580242,  
		-0.48460726250301,  -0.48336758411592,  -0.48137314899347,  -0.47958978498049,  
		-0.47886550129918,  -0.47811981360382,  -0.47726596597951,  -0.47633572913369,  
		-0.47501672571405,  -0.47367657158231,  -0.47222800421968,  -0.47082872277085,  
		-0.46968388727457,  -0.4680906139111,  -0.46416546363816,  -0.46063734131957,  
		-0.45918877395694,  -0.4576921498178,  -0.45594197458788,  -0.45394323540867,  
		-0.45062342486939,  -0.44748412310699,  -0.44531127206304,  -0.44331448663078,  
		-0.44226735509151,  -0.44101121899905,  -0.43861936005147,  -0.43641503451111,  
		-0.43523739502927,  -0.43402455073008,  -0.43261751934917,  -0.43122797825969,  
		-0.42993564282832,  -0.42863072073582,  -0.427255313341,  -0.42581389702898,  
		-0.4240000018271,  -0.42218705962186,  -0.42037953641717,  -0.4185177318522,  
		-0.41634488080825,  -0.41443929964671,  -0.41407715780605,  -0.41350261605885,  
		-0.41169190685556,  -0.41003943558265,  -0.40931515190133,  -0.4085023703352,  
		-0.40716637492304,  -0.40569395150053,  -0.40340852850611,  -0.4013459074078,  
		-0.40062162372649,  -0.39989734004517,  -0.39917305636386,  -0.39838409348519,  
		-0.39720031800605,  -0.39604375864397,  -0.39505468307916,  -0.39411412291041,  
		-0.39347456319182,  -0.39281164848057,  -0.39200264083653,  -0.3912052278697,  
		-0.39048094418838,  -0.38982303807317,  -0.38958727417691,  -0.38921971022133,  
		-0.38800690675497,  -0.38685952578181,  -0.38613524210049,  -0.38550724637681,  
		-0.38550724637681,  -0.38541166641887,  -0.38468738273755,  -0.38396309905624,  
		-0.38323881537492,  -0.38257528263462,  -0.3823182787477,  -0.38194068652674,  
		-0.38074912305103,  -0.37961449576141,  -0.37886755609006,  -0.37803433457985,  
		-0.37660842320725,  -0.37527098688077,  -0.37454670319945,  -0.37373179555801,  
		-0.37228322819538,  -0.37101449275362,  -0.37101449275362,  -0.37092528479287,  
		-0.37020100111156,  -0.36952096741077,  -0.36915882557012,  -0.36862109980672,  
		-0.36681039060343,  -0.36521739130435,  -0.36521739130435,  -0.36518264672139,  
		-0.36489130484959,  -0.36458321459805,  -0.36415027278854,  -0.36373979595449,  
		-0.36349836806072,  -0.36325694016695,  -0.36301551227317,  -0.3627740843794,  
		-0.36253265648563,  -0.36231884057971,  -0.36231884057971,  -0.36231025046032,  
		-0.36223449449366,  -0.36193151076773,  -0.35983441569045,  -0.35797101449275,  
		-0.35797101449275,  -0.35797101449275,  -0.35797101449275,  -0.35797101449275,  
		-0.35797101449275,  -0.35797101449275,  -0.35797101449275,  -0.35797101449275,  
		-0.35797101449275,  -0.35797101449275,  -0.35797101449275,  -0.3578945505264,  
		-0.35717026684508,  -0.35651611112118,  -0.35646230314486,  -0.35634459802363,  
		-0.35567412231864,  -0.35503529378447,  -0.35467315194381,  -0.35430500006474,  
		-0.3538837402501,  -0.35343792295066,  -0.35277275724333,  -0.35217391304348,  
		-0.35217391304348,  -0.35217391304348,  -0.35217391304348,  -0.35217391304348,  
		-0.35217391304348,  -0.35217391304348,  -0.35217391304348,  -0.35216055171211,  
		-0.35202107577348,  -0.35183937384757,  -0.35125456610488,  -0.35072463768116,  
		-0.35072463768116,  -0.35072463768116,  -0.35072463768116,  -0.35072463768116,  
		-0.35072463768116,  -0.35072463768116,  -0.35072463768116,  -0.35072463768116,  
		-0.35072463768116,  -0.35072463768116,  -0.35072463768116,  -0.35072463768116,  
		-0.35072463768116,  -0.35072463768116,  -0.35072463768116,  -0.35072463768116,  
		-0.35072463768116,  -0.35072463768116,  -0.35072463768116,  -0.35072463768116,  
		-0.35072463768116,  -0.35072463768116,  -0.35072463768116,  -0.35072463768116,  
		-0.35072463768116,  -0.35072463768116,  -0.35072463768116,  -0.35072463768116,  
		-0.35072463768116,  -0.35072463768116,  -0.35072463768116,  -0.35072463768116,  
		-0.35072463768116,  -0.35072463768116,  -0.35072463768116,  -0.35072463768116,  
		-0.35072463768116,  -0.35072463768116,  -0.35072463768116,  -0.35072463768116,  
		-0.35072463768116,  -0.35072463768116,  -0.35072463768116,  -0.35072463768116,  
		-0.35072463768116,  -0.35072463768116,  -0.35072463768116,  -0.35072463768116,  
		-0.35072463768116,  -0.35072463768116,  -0.35072463768116,  -0.35072463768116,  
		-0.35072463768116,  -0.35072463768116,  -0.35072463768116,  -0.35072463768116,  
		-0.35072463768116,  -0.35072463768116,  -0.35072463768116,  -0.35072463768116,  
		-0.35072463768116,  -0.35072463768116,  -0.35072463768116,  -0.35072463768116,  
		-0.35072463768116,  -0.35072463768116,  -0.35072463768116,  -0.35072463768116,  
		-0.35072463768116,  -0.35072463768116,  -0.35072463768116,  -0.35072463768116,  
		-0.35072463768116,  -0.35072463768116,  -0.35072463768116,  -0.35072463768116,  
		-0.35072463768116,  -0.35072463768116,  -0.35072463768116,  -0.35080393364627,  
		-0.3522525010089,  -0.3536231884058,  -0.3536231884058,  -0.35366142038898,  
		-0.35438570407029,  -0.35510998775161,  -0.35583427143292,  -0.35665982606088,  
		-0.35937642086558,  -0.36203880074985,  -0.36366790803304,  -0.3652881912732,  
		-0.36673675863583,  -0.36815063401372,  -0.36887491769504,  -0.36958220938383,  
		-0.36994435122449,  -0.37030649306514,  -0.3706686349058,  -0.37104706073929,  
		-0.37177134442061,  -0.37252748808791,  -0.37397605545054,  -0.37536231884058,  
		-0.37536231884058,  -0.37539276282718,  -0.3761170465085,  -0.3768115942029,  
		-0.3768115942029,  -0.3768115942029,  -0.3768115942029,  -0.37683991419044,  
		-0.37756419787175,  -0.37831609354092,  -0.37976466090355,  -0.38118632427802,  
		-0.38191060795933,  -0.38265647836429,  -0.38397760578299,  -0.38528221459313,  
		-0.38613393821837,  -0.38697511278667,  -0.38751850254758,  -0.38809410594827,  
		-0.38960674728271,  -0.39109395011221,  -0.39181799779363,  -0.39253839128311,  
		-0.39314561901593,  -0.39377899982815,  -0.39524927918123,  -0.39670391056465,  
		-0.39764059415251,  -0.39857125662865,  -0.39929554030996,  -0.40001720792205,  
		-0.40064591164542,  -0.40131789262834,  -0.40358632363023,  -0.40581550944118,  
		-0.40653979312249,  -0.40737967176761,  -0.41283410136766,  -0.41818553258488,  
		-0.41924965611666,  -0.4203061390653,  -0.42103042274661,  -0.42179983569839,  
		-0.42462263045637,  -0.42741874130819,  -0.42894164863811,  -0.43044592512579,  
		-0.43101586487501,  -0.43159153782993,  -0.43247016544333,  -0.43335882132212,  
		-0.43480738868475,  -0.43624392005268,  -0.43696820373399,  -0.43771431290717,  
		-0.43983406397448,  -0.44194475223053,  -0.44344641956979,  -0.4449572722188,  
		-0.44713012326275,  -0.44929377031074,  -0.45074233767337,  -0.452190905036,  
		-0.45363947239863,  -0.45508025176469,  -0.455804535446,  -0.45653558768739,  
		-0.45795229506404,  -0.45937912102275,  -0.46194597389333,  -0.46450124961945,  
		-0.46558767514142,  -0.46669640265358,  -0.47104210474147,  -0.47536656683871,  
		-0.47609085052003,  -0.47682221419823,  -0.47899506524217,  -0.4811790781815,  
		-0.4862065839694,  -0.49122053291282,  -0.49162515473479,  -0.49202969350693,  
		-0.49239183534759,  -0.49275362318841,  -0.49275362318841,  -0.49275362318841 ]
];
prUnarchive(o,p);
