var o, p;
o = [
	Array.prNew(2048)
];
p = [
	// Array
	0, [ 189.40972222222,  189.40972222222,  189.40972222222,  189.40972222222,  
		189.40972222222,  189.40972222222,  189.46858207132,  189.53626241654,  
		189.60394276177,  189.67162310699,  189.73930345221,  189.75694444444,  
		189.75694444444,  189.75694444444,  189.75694444444,  189.75694444444,  
		189.79816330131,  189.86584364653,  189.93352399175,  190.00120433697,  
		190.06888468219,  190.13656502741,  190.20424537263,  190.27192571785,  
		190.33960606307,  190.40728640829,  190.49854461814,  190.63390530858,  
		190.76926599902,  190.90462668946,  191.03998737991,  191.16059070184,  
		191.22827104706,  191.29595139228,  191.3636317375,  191.43131208272,  
		191.50492930033,  191.64028999077,  191.77565068121,  191.91101137166,  
		192.0463720621,  192.18173275254,  192.22918886812,  192.272733,  
		192.31627713188,  192.35982126376,  192.40336539565,  192.44690952753,  
		192.49045365941,  192.53399779129,  192.57754192318,  192.62108605506,  
		192.66792458782,  192.7161970145,  192.76446944118,  192.81274186786,  
		192.86101429453,  192.95861491071,  193.09397560115,  193.22933629159,  
		193.36469698203,  193.50005767247,  193.63541836292,  193.77077905336,  
		193.9061397438,  194.04150043424,  194.17686112468,  194.29152757423,  
		194.35920791945,  194.42688826467,  194.49456860989,  194.56224895511,  
		194.64180304511,  194.77716373555,  194.91252442599,  195.04788511643,  
		195.18324580687,  195.31759530683,  195.430541275,  195.54348724316,  
		195.65643321132,  195.76937917948,  195.88232514764,  196.03628050744,  
		196.19405592016,  196.35183133288,  196.50960674561,  196.66738215833,  
		196.75321738097,  196.81928628939,  196.88535519782,  196.95142410625,  
		197.01749301468,  197.08567011861,  197.15496190063,  197.22425368264,  
		197.29354546465,  197.36283724666,  197.46673655214,  197.60209724258,  
		197.73745793302,  197.87281862346,  198.0081793139,  198.14354000434,  
		198.27890069478,  198.41426138522,  198.54962207567,  198.68498276611,  
		198.82034345655,  198.95570414699,  199.09106483743,  199.22642552787,  
		199.36178621831,  199.49391737488,  199.60496515935,  199.71601294382,  
		199.8270607283,  199.93810851277,  200.04927816644,  200.20895176285,  
		200.36862535926,  200.52829895568,  200.68797255209,  200.8476461485,  
		200.98611450361,  201.12147519405,  201.25683588449,  201.39219657493,  
		201.52755726537,  201.71312693372,  201.91616796939,  202.11920900505,  
		202.32225004071,  202.52529107637,  202.64555514846,  202.71323549368,  
		202.7809158389,  202.84859618412,  202.91627652934,  203.0070020574,  
		203.12257317322,  203.23814428903,  203.35371540485,  203.46928652066,  
		203.59874505727,  203.75389532234,  203.9090455874,  204.06419585247,  
		204.21934611754,  204.37013176464,  204.50549245508,  204.64085314552,  
		204.77621383597,  204.91157452641,  205.05304171416,  205.25608274982,  
		205.45912378549,  205.66216482115,  205.86520585681,  206.06824689247,  
		206.15055473047,  206.22781888398,  206.30508303748,  206.38234719098,  
		206.45961134449,  206.63326624349,  206.82672347087,  207.02018069824,  
		207.21363792562,  207.407095153,  207.51260313195,  207.58028347718,  
		207.6479638224,  207.71564416762,  207.78332451284,  207.88950971612,  
		208.02487040656,  208.160231097,  208.29559178744,  208.43095247788,  
		208.56080779794,  208.6836162439,  208.80642468987,  208.92923313583,  
		209.05204158179,  209.17899839874,  209.31526375545,  209.45152911216,  
		209.58779446887,  209.72405982558,  209.86032518229,  209.996590539,  
		210.13285589571,  210.26912125242,  210.40538660913,  210.54212045373,  
		210.68822405611,  210.83432765849,  210.98043126087,  211.12653486325,  
		211.27263846563,  211.47097039027,  211.67401142593,  211.8770524616,  
		212.08009349726,  212.28313453292,  212.37965111545,  212.44733146067,  
		212.51501180589,  212.58269215112,  212.65037249634,  212.77009644695,  
		212.91703403854,  213.06397163014,  213.21090922174,  213.35784681334,  
		213.52821942752,  213.71968356202,  213.91114769653,  214.10261183104,  
		214.29407596554,  214.46332369864,  214.59868438908,  214.73404507952,  
		214.86940576996,  215.0047664604,  215.14374347773,  215.29271656843,  
		215.44168965913,  215.59066274984,  215.73963584054,  215.88492437177,  
		216.00667266195,  216.12842095213,  216.25016924231,  216.37191753249,  
		216.49373405526,  216.6290947457,  216.76445543614,  216.89981612658,  
		217.03517681702,  217.17053750746,  217.31162893775,  217.45354139093,  
		217.59545384411,  217.7373662973,  217.87927875048,  218.03574291789,  
		218.19720464372,  218.35866636956,  218.52012809539,  218.68158982122,  
		218.8641951452,  219.06009073088,  219.25598631657,  219.45188190225,  
		219.64777748793,  219.83479125319,  220.0123249407,  220.18985862821,  
		220.36739231572,  220.54492600323,  220.73147356565,  220.93451460131,  
		221.13755563698,  221.34059667264,  221.5436377083,  221.76177536232,  
		222.0324967432,  222.30321812408,  222.57393950497,  222.84466088585,  
		223.12165838897,  223.46006011507,  223.79846184118,  224.13686356728,  
		224.47526529338,  224.81366701949,  225.02179680291,  225.22483783857,  
		225.42787887423,  225.6309199099,  225.83396094556,  226.2622638821,  
		226.73602629865,  227.20978871519,  227.68355113174,  228.15731354828,  
		228.34610609021,  228.41378643543,  228.48146678065,  228.54914712588,  
		228.6168274711,  228.83920574825,  229.17760747435,  229.51600920046,  
		229.85441092656,  230.19281265266,  230.43898376605,  230.56829450082,  
		230.69760523559,  230.82691597036,  230.95622670513,  231.15239828558,  
		231.49684996736,  231.84130164913,  232.18575333091,  232.53020501268,  
		232.87356497313,  233.21196669923,  233.55036842534,  233.88877015144,  
		234.22717187754,  234.55539610813,  234.69075679857,  234.82611748901,  
		234.96147817945,  235.09683886989,  235.23219956033,  235.49206494599,  
		235.76278632687,  236.03350770776,  236.30422908864,  236.57495046952,  
		236.8456718504,  237.11639323129,  237.38711461217,  237.65783599305,  
		237.92855737393,  238.19927875482,  238.4700001357,  238.74072151658,  
		239.01144289747,  239.28216427835,  239.55288565923,  239.82360704011,  
		240.094328421,  240.36504980188,  240.63577118276,  240.87952220051,  
		241.08256323617,  241.28560427183,  241.4886453075,  241.69168634316,  
		241.89472737882,  242.09776841448,  242.30080945014,  242.50385048581,  
		242.70689152147,  242.92859129892,  243.26699302502,  243.60539475113,  
		243.94379647723,  244.28219820333,  244.62059992944,  244.95900165554,  
		245.29740338164,  245.63580510775,  245.97420683385,  246.31260855995,  
		246.41353539054,  246.48121573577,  246.54889608099,  246.61657642621,  
		246.68425677143,  246.95127956371,  247.28586472899,  247.62044989428,  
		247.95503505956,  248.28962022484,  248.52341566239,  248.69452480585,  
		248.86563394931,  249.03674309277,  249.20785223623,  249.44477585074,  
		249.75124568464,  250.05771551854,  250.36418535245,  250.67065518635,  
		251.01257599197,  251.41865806329,  251.82474013461,  252.23082220594,  
		252.63690427726,  253.01299908499,  253.28613762106,  253.55927615713,  
		253.8324146932,  254.10555322927,  254.38524251841,  254.72716396171,  
		255.06908540502,  255.41100684832,  255.75292829163,  256.09484973493,  
		256.44918988028,  256.8039816148,  257.15877334932,  257.51356508383,  
		257.86835681835,  258.24732106126,  258.63107625179,  259.01483144231,  
		259.39858663283,  259.78234182335,  260.04874233874,  260.2658622432,  
		260.48298214767,  260.70010205214,  260.9172219566,  261.27355758616,  
		261.7332411339,  262.19292468164,  262.65260822937,  263.11229177711,  
		263.44387959769,  263.61480498082,  263.78573036395,  263.95665574707,  
		264.1275811302,  264.34505328626,  264.6645559686,  264.98405865093,  
		265.30356133327,  265.6230640156,  265.95535793359,  266.344774356,  
		266.7341907784,  267.12360720081,  267.51302362322,  267.89728434066,  
		268.18874236866,  268.48020039667,  268.77165842468,  269.06311645269,  
		269.3545744807,  269.73262539542,  270.11797081962,  270.50331624381,  
		270.88866166801,  271.27400709221,  271.67577552516,  272.08185759648,  
		272.48793966781,  272.89402173913,  273.30010381045,  273.70618588178,  
		274.1122679531,  274.51835002443,  274.92443209575,  275.33051416707,  
		275.7365962384,  276.14267830972,  276.54876038105,  276.95484245237,  
		277.36092452369,  277.7127266189,  277.98344799978,  278.25416938067,  
		278.52489076155,  278.79561214243,  279.08465301525,  279.42305474136,  
		279.76145646746,  280.09985819356,  280.43825991967,  280.77666164577,  
		281.11506337187,  281.45346509798,  281.79186682408,  282.13026855018,  
		282.46799177658,  282.73871315747,  283.00943453835,  283.28015591923,  
		283.55087730011,  283.821598681,  284.03278171308,  284.23582274874,  
		284.4388637844,  284.64190482006,  284.84494585572,  285.04798689139,  
		285.25102792705,  285.45406896271,  285.65710999837,  285.86015103403,  
		286.0631920697,  286.26623310536,  286.46927414102,  286.67231517668,  
		286.87535621234,  287.11147410845,  287.38219548933,  287.65291687022,  
		287.9236382511,  288.19435963198,  288.44082464854,  288.6438656842,  
		288.84690671986,  289.04994775552,  289.25298879118,  289.44059395864,  
		289.57595464908,  289.71131533952,  289.84667602996,  289.9820367204,  
		290.13724352711,  290.47564525322,  290.81404697932,  291.15244870542,  
		291.49085043153,  291.82925215763,  291.90575299897,  291.97343334419,  
		292.04111368941,  292.10879403463,  292.17647437985,  292.1875,  
		292.1875,  292.1875,  292.1875,  292.1875,  
		292.23533422895,  292.30301457417,  292.37069491939,  292.43837526461,  
		292.50605560984,  292.57373595506,  292.64141630028,  292.7090966455,  
		292.77677699072,  292.84445733594,  292.8970410628,  292.93088123541,  
		292.96472140802,  292.99856158063,  293.03240175324,  293.06624192585,  
		293.10008209846,  293.13392227107,  293.16776244368,  293.20160261629,  
		293.22916666667,  293.22916666667,  293.22916666667,  293.22916666667,  
		293.22916666667,  293.22916666667,  293.22916666667,  293.22916666667,  
		293.22916666667,  293.22916666667,  293.22916666667,  293.22916666667,  
		293.22916666667,  293.22916666667,  293.22916666667,  293.22916666667,  
		293.28293776801,  293.35061811323,  293.41829845845,  293.48597880367,  
		293.55365914889,  293.57638888889,  293.57638888889,  293.57638888889,  
		293.57638888889,  293.57638888889,  293.57638888889,  293.57638888889,  
		293.57638888889,  293.57638888889,  293.57638888889,  293.57638888889,  
		293.57638888889,  293.57638888889,  293.57638888889,  293.57638888889,  
		293.57638888889,  293.57638888889,  293.57638888889,  293.57638888889,  
		293.57638888889,  293.57638888889,  293.57638888889,  293.57638888889,  
		293.57638888889,  293.57638888889,  293.57638888889,  293.57638888889,  
		293.57638888889,  293.57638888889,  293.57638888889,  293.57638888889,  
		293.51668091516,  293.44900056994,  293.38132022472,  293.3136398795,  
		293.24595953428,  293.22916666667,  293.22916666667,  293.22916666667,  
		293.22916666667,  293.22916666667,  293.21984919928,  293.2048585965,  
		293.18986799372,  293.17487739094,  293.15988678816,  293.12637730976,  
		293.07368756731,  293.02099782487,  292.96830808243,  292.91561833999,  
		292.88194444444,  292.88194444444,  292.88194444444,  292.88194444444,  
		292.88194444444,  292.88194444444,  292.88194444444,  292.88194444444,  
		292.88194444444,  292.88194444444,  292.87515944743,  292.80747910221,  
		292.73979875699,  292.67211841177,  292.60443806655,  292.53675772133,  
		292.53472222222,  292.53472222222,  292.53472222222,  292.53472222222,  
		292.53472222222,  292.53472222222,  292.53472222222,  292.53472222222,  
		292.53472222222,  292.53472222222,  292.53472222222,  292.53472222222,  
		292.53472222222,  292.53472222222,  292.53472222222,  292.53472222222,  
		292.53472222222,  292.53472222222,  292.53472222222,  292.53472222222,  
		292.53472222222,  292.53472222222,  292.53472222222,  292.53472222222,  
		292.53472222222,  292.53472222222,  292.53472222222,  292.53472222222,  
		292.53472222222,  292.53472222222,  292.52200035282,  292.4543200076,  
		292.38663966238,  292.31895931716,  292.25127897194,  292.18554931336,  
		292.15170914075,  292.11786896814,  292.08402879553,  292.05018862292,  
		292.01634845031,  291.91974705531,  291.81822653748,  291.71670601965,  
		291.61518550182,  291.51366498399,  291.49080802529,  291.48798801091,  
		291.48516799653,  291.48234798214,  291.47952796776,  291.43534774241,  
		291.37048741157,  291.30562708073,  291.2407667499,  291.17590641906,  
		291.12768346632,  291.09384329371,  291.0600031211,  291.02616294849,  
		290.99232277588,  290.93100336536,  290.82948284753,  290.7279623297,  
		290.62644181187,  290.52492129403,  290.44557264576,  290.42447554566,  
		290.40337844557,  290.38228134548,  290.36118424539,  290.33638239238,  
		290.28979914725,  290.24321590213,  290.196632657,  290.15004941187,  
		290.10305156346,  290.02889720026,  289.95474283705,  289.88058847384,  
		289.80643411064,  289.73227974743,  289.66958066417,  289.60837433694,  
		289.5471680097,  289.48596168246,  289.42475535523,  289.38419367095,  
		289.35035349834,  289.31651332573,  289.28267315312,  289.24883298051,  
		289.2149928079,  289.18115263529,  289.14731246268,  289.11347229007,  
		289.07963211746,  289.0625,  289.0625,  289.0625,  
		289.0625,  289.0625,  289.033142453,  288.9523585823,  
		288.87157471159,  288.79079084089,  288.71000697018,  288.63533150985,  
		288.58075469012,  288.52617787038,  288.47160105064,  288.41702423091,  
		288.36110093362,  288.29342058839,  288.22574024317,  288.15805989795,  
		288.09037955273,  288.02269920751,  287.88920439125,  287.75384370081,  
		287.61848301037,  287.48312231993,  287.34776162948,  287.26939491397,  
		287.20171456875,  287.13403422352,  287.0663538783,  286.99867353308,  
		286.95528115316,  286.92172368876,  286.88816622436,  286.85460875995,  
		286.82105129555,  286.70845910235,  286.53897553109,  286.36949195983,  
		286.20000838857,  286.03052481731,  285.90696751343,  285.83928716821,  
		285.77160682299,  285.70392647777,  285.63624613255,  285.56856578733,  
		285.50088544211,  285.43320509689,  285.36552475167,  285.29784440645,  
		285.24305555556,  285.24305555556,  285.24305555556,  285.24305555556,  
		285.24305555556,  285.23898455735,  285.17130421213,  285.10362386691,  
		285.03594352168,  284.96826317646,  284.90058283124,  284.89583333333,  
		284.89583333333,  284.89583333333,  284.89583333333,  284.89583333333,  
		284.89583333333,  284.89583333333,  284.89583333333,  284.89583333333,  
		284.89583333333,  284.89583333333,  284.89583333333,  284.89583333333,  
		284.89583333333,  284.89583333333,  284.89583333333,  284.89583333333,  
		284.89583333333,  284.89583333333,  284.89583333333,  284.89583333333,  
		284.89583333333,  284.89583333333,  284.89583333333,  284.89583333333,  
		284.89583333333,  284.89583333333,  284.89583333333,  284.89583333333,  
		284.89583333333,  284.90584120393,  284.97352154915,  285.04120189437,  
		285.10888223959,  285.17656258481,  285.24305555556,  285.24305555556,  
		285.24305555556,  285.24305555556,  285.24305555556,  285.24305555556,  
		285.24305555556,  285.24305555556,  285.24305555556,  285.24305555556,  
		285.24305555556,  285.29428228302,  285.36196262824,  285.42964297346,  
		285.49732331868,  285.5650036639,  285.59027777778,  285.59027777778,  
		285.59027777778,  285.59027777778,  285.59027777778,  285.59027777778,  
		285.59027777778,  285.59027777778,  285.59027777778,  285.59027777778,  
		285.59027777778,  285.59027777778,  285.59027777778,  285.59027777778,  
		285.59027777778,  285.59027777778,  285.59027777778,  285.59027777778,  
		285.59027777778,  285.59027777778,  285.59027777778,  285.59027777778,  
		285.59027777778,  285.59027777778,  285.59027777778,  285.59027777778,  
		285.65626187374,  285.72394221897,  285.79162256419,  285.85930290941,  
		285.92698325463,  285.9375,  285.9375,  285.9375,  
		285.9375,  285.9375,  285.9375,  285.9375,  
		285.9375,  285.9375,  285.9375,  285.9375,  
		285.9375,  285.9375,  285.9375,  285.9375,  
		285.90679788851,  285.83911754329,  285.77143719807,  285.70375685285,  
		285.63607650763,  285.56839616241,  285.50071581719,  285.43303547196,  
		285.36535512674,  285.29767478152,  285.2299944363,  285.16231409108,  
		285.09463374586,  285.02695340064,  284.95927305542,  284.8915927102,  
		284.82391236498,  284.75623201976,  284.68855167454,  284.62087132932,  
		284.5531909841,  284.54861111111,  284.54861111111,  284.54861111111,  
		284.54861111111,  284.54861111111,  284.44005115888,  284.30469046844,  
		284.16932977799,  284.03396908755,  283.89860839711,  283.85416666667,  
		283.85416666667,  283.85416666667,  283.85416666667,  283.85416666667,  
		283.81752768279,  283.74984733757,  283.68216699235,  283.61448664713,  
		283.54680630191,  283.50694444444,  283.50694444444,  283.50694444444,  
		283.50694444444,  283.50694444444,  283.50694444444,  283.50694444444,  
		283.50694444444,  283.50694444444,  283.50694444444,  283.50694444444,  
		283.50694444444,  283.50694444444,  283.50694444444,  283.50694444444,  
		283.50694444444,  283.50694444444,  283.50694444444,  283.50694444444,  
		283.50694444444,  283.50694444444,  283.50694444444,  283.50694444444,  
		283.50694444444,  283.50694444444,  283.50694444444,  283.55834079683,  
		283.62602114205,  283.69370148727,  283.76138183249,  283.82906217771,  
		283.85990213603,  283.86901947576,  283.8781368155,  283.88725415524,  
		283.89637149498,  283.96390506575,  284.09014841645,  284.21639176716,  
		284.34263511786,  284.46887846856,  284.55949537716,  284.58903838499,  
		284.61858139282,  284.64812440066,  284.67766740849,  284.71456756091,  
		284.77501057598,  284.83545359105,  284.89589660612,  284.95633962119,  
		285.02974647272,  285.2104818307,  285.39121718867,  285.57195254665,  
		285.75268790463,  285.9334232626,  286.06980744178,  286.20516813223,  
		286.34052882267,  286.47588951311,  286.61125020355,  286.74661089399,  
		286.88197158443,  287.01733227487,  287.15269296532,  287.28805365576,  
		287.37490161754,  287.44258196276,  287.51026230798,  287.57794265321,  
		287.64562299843,  287.71330334365,  287.78098368887,  287.84866403409,  
		287.91634437931,  287.98402472453,  288.05170506975,  288.11938541497,  
		288.18706576019,  288.25474610541,  288.32242645063,  288.39010679585,  
		288.45778714107,  288.52546748629,  288.59314783151,  288.66082817674,  
		288.72850852196,  288.79618886718,  288.8638692124,  288.93154955762,  
		288.99922990284,  289.06691024806,  289.13459059328,  289.2022709385,  
		289.26995128372,  289.33763162894,  289.40531197416,  289.2831820279,  
		289.14782133746,  289.01246064702,  288.87709995658,  288.74173926613,  
		288.66082817674,  288.59314783151,  288.52546748629,  288.45778714107,  
		288.39010679585,  288.27679734571,  288.14143665527,  288.00607596483,  
		287.87071527439,  287.73535458394,  287.63680250231,  287.56912215709,  
		287.50144181187,  287.43376146664,  287.36608112142,  287.27041266352,  
		287.13505197308,  286.99969128264,  286.86433059219,  286.72896990175,  
		286.59360921131,  286.45824852087,  286.32288783043,  286.18752713999,  
		286.05216644955,  285.90645863866,  285.703417603,  285.50037656733,  
		285.29733553167,  285.09429449601,  284.88820021169,  284.54979848559,  
		284.21139675949,  283.87299503338,  283.53459330728,  283.19619158118,  
		282.9181763285,  282.64745494762,  282.37673356674,  282.10601218585,  
		281.83529080497,  281.61640680128,  281.41372197796,  281.21103715464,  
		281.00835233133,  280.80566750801,  280.47429628868,  280.06785800501,  
		279.66141972134,  279.25498143768,  278.84854315401,  278.56102087065,  
		278.3918200076,  278.22261914455,  278.0534182815,  277.88421741844,  
		277.68599538865,  277.43855502877,  277.1911146689,  276.94367430902,  
		276.69623394915,  276.42944869553,  276.10160612103,  275.77376354653,  
		275.44592097203,  275.11807839753,  274.78907140531,  274.45066967921,  
		274.1122679531,  273.773866227,  273.4354645009,  273.09706277479,  
		272.62601435705,  272.15225194051,  271.67848952396,  271.20472710742,  
		270.73096469088,  270.43564846104,  270.17191562708,  269.90818279313,  
		269.64444995917,  269.38071712521,  269.10693059217,  268.82922066436,  
		268.55151073655,  268.27380080874,  267.99609088094,  267.69132684035,  
		267.36768248275,  267.04403812515,  266.72039376756,  266.39674940996,  
		265.96644413407,  265.4102440038,  264.85404387353,  264.29784374325,  
		263.74164361298,  263.25695122944,  262.91854950334,  262.58014777723,  
		262.24174605113,  261.90334432503,  261.56880150221,  261.24988968003,  
		260.93097785785,  260.61206603567,  260.29315421349,  259.96244491399,  
		259.46919259352,  258.97594027305,  258.48268795258,  257.98943563211,  
		257.49618331164,  257.02119972317,  256.54743730663,  256.07367489008,  
		255.59991247354,  255.12615005699,  254.84355493134,  254.60667372306,  
		254.36979251479,  254.13291130652,  253.89603009825,  253.56468183568,  
		253.18819931383,  252.81171679198,  252.43523427013,  252.05875174828,  
		251.63869545979,  251.1824609522,  250.72622644461,  250.26999193702,  
		249.81375742943,  249.33967439769,  248.84053891939,  248.34140344109,  
		247.84226796279,  247.3431324845,  246.7580133238,  245.95793495708,  
		245.15785659036,  244.35777822365,  243.55769985693,  242.82584195691,  
		242.46479530327,  242.10374864963,  241.74270199599,  241.38165534235,  
		241.00478128026,  240.01222102949,  239.01966077872,  238.02710052794,  
		237.03454027717,  236.0419800264,  235.15027072138,  234.27042623351,  
		233.39058174564,  232.51073725778,  231.63089276991,  231.08655171759,  
		230.64561172411,  230.20467173062,  229.76373173713,  229.32279174365,  
		228.49690647499,  227.44887887362,  226.40085127225,  225.35282367089,  
		224.30479606952,  223.31261014142,  222.37543242878,  221.43825471613,  
		220.50107700349,  219.56389929085,  218.39152662875,  216.82453156823,  
		215.25753650771,  213.69054144718,  212.12354638666,  210.65778849807,  
		209.50722262932,  208.35665676057,  207.20609089182,  206.05552502307,  
		204.9202253976,  203.90502021929,  202.88981504098,  201.87460986267,  
		200.85940468436,  199.84419950605,  199.22649397302,  198.61588664794,  
		198.00527932285,  197.39467199777,  196.78406467269,  196.00065673755,  
		195.18726281419,  194.37386889083,  193.56047496748,  192.74708104412,  
		191.8876817801,  191.01055129104,  190.13342080198,  189.25629031292,  
		188.37915982385,  187.66054999186,  187.05142688487,  186.44230377789,  
		185.8331806709,  185.22405756391,  184.63089195367,  184.05637233146,  
		183.48185270924,  182.90733308703,  182.33281346482,  181.60105536292,  
		180.55124669984,  179.50143803675,  178.45162937367,  177.40182071059,  
		176.44513145515,  175.85975583772,  175.27438022028,  174.68900460285,  
		174.10362898541,  173.50649270649,  172.75352766279,  172.00056261909,  
		171.2475975754,  170.4946325317,  169.74166748801,  169.06373038651,  
		168.39059507332,  167.71745976012,  167.04432444693,  166.37118913373,  
		165.72031036084,  165.07466842097,  164.42902648109,  163.78338454121,  
		163.13774260134,  162.43691079358,  161.71001144675,  160.98311209992,  
		160.25621275309,  159.52931340626,  158.68131886772,  157.73379403463,  
		156.78626920154,  155.83874436845,  154.89121953536,  154.05700415242,  
		153.38020070021,  152.70339724801,  152.0265937958,  151.34979034359,  
		150.71328397069,  150.17629386322,  149.63930375575,  149.10231364827,  
		148.5653235408,  147.98418185078,  147.16756505384,  146.3509482569,  
		145.53433145996,  144.71771466302,  143.90495236932,  143.22814891711,  
		142.55134546491,  141.8745420127,  141.1977385605,  140.52093510829,  
		139.84413165608,  139.16732820388,  138.49052475167,  137.81372129946,  
		137.13691784726,  136.61583007653,  136.14206765999,  135.66830524345,  
		135.1945428269,  134.72078041036,  134.24701799381,  133.77325557727,  
		133.29949316072,  132.82573074418,  132.35196832763,  131.91247014601,  
		131.50638807469,  131.10030600337,  130.69422393204,  130.28814186072,  
		129.87811675385,  129.46154620797,  129.0449756621,  128.62840511622,  
		128.21183457035,  127.80205497324,  127.4131332902,  127.02421160715,  
		126.63528992411,  126.24636824107,  125.81568524151,  125.06452953035,  
		124.31337381919,  123.56221810803,  122.81106239687,  122.05990668571,  
		121.51531034576,  120.973867584,  120.43242482223,  119.89098206047,  
		119.3495392987,  118.86593863649,  118.39217621994,  117.9184138034,  
		117.44465138685,  116.97088897031,  116.3990833469,  115.78996023992,  
		115.18083713293,  114.57171402595,  113.96259091896,  113.51427224122,  
		113.17587051512,  112.83746878901,  112.49906706291,  112.16066533681,  
		111.63397994355,  110.88949614612,  110.14501234869,  109.40052855127,  
		108.65604475384,  107.84388061119,  106.8963557781,  105.94883094501,  
		105.00130611193,  104.05378127884,  103.1199960647,  102.24015157683,  
		101.36030708896,  100.4804626011,  99.600618113228,  98.72077362536,  
		97.840929137491,  96.961084649623,  96.081240161754,  95.201395673886,  
		94.321551186017,  93.633043613961,  92.956240161754,  92.279436709548,  
		91.602633257341,  90.925829805135,  90.139109401292,  89.326945258644,  
		88.514781115996,  87.702616973348,  86.890452830701,  86.355116566249,  
		85.949034494925,  85.542952423601,  85.136870352277,  84.730788280953,  
		84.324706209629,  83.918624138305,  83.512542066982,  83.106459995658,  
		82.700377924334,  82.322792840471,  81.984391114368,  81.645989388265,  
		81.307587662161,  80.969185936058,  80.552078244586,  79.9429551376,  
		79.333832030614,  78.724708923628,  78.115585816642,  77.148214867285,  
		74.305640368018,  71.463065868751,  68.620491369484,  65.777916870216,  
		63.016652652842,  62.877645026505,  62.738637400169,  62.599629773832,  
		62.460622147495,  62.321614521159,  62.184667263746,  62.047949573902,  
		61.911231884058,  61.774514194214,  61.63779650437,  61.463246238714,  
		61.27735852363,  61.091470808545,  60.905583093461,  60.719695378376,  
		60.558334726043,  60.410824650323,  60.263314574602,  60.115804498882,  
		59.968294423161,  59.792531753786,  59.589490718124,  59.386449682462,  
		59.1834086468,  58.980367611138,  58.802939939206,  58.667579248765,  
		58.532218558324,  58.396857867883,  58.261497177441,  58.14000428118,  
		58.060535003647,  57.981065726113,  57.90159644858,  57.822127171046,  
		57.729490492978,  57.538238389629,  57.34698628628,  57.155734182931,  
		56.964482079582,  56.773229976232,  56.696840517676,  56.621908706896,  
		56.546976896116,  56.472045085336,  56.397113274556,  56.286875247168,  
		56.170752850345,  56.054630453522,  55.938508056699,  55.822385659877,  
		55.732759540817,  55.653092367537,  55.573425194257,  55.493758020977,  
		55.414090847698,  55.32442373949,  55.22799196942,  55.13156019935,  
		55.03512842928,  54.93869665921,  54.869070728849,  54.830141808478,  
		54.791212888107,  54.752283967736,  54.713355047364,  54.676135130001,  
		54.64229495739,  54.60845478478,  54.57461461217,  54.540774439559,  
		54.506934266949,  54.473094094339,  54.439253921728,  54.405413749118,  
		54.371573576508,  54.339676225724,  54.331675583411,  54.323674941098,  
		54.315674298785,  54.307673656472,  54.299673014159,  54.242842783264,  
		54.183163080356,  54.123483377449,  54.063803674541,  54.004123971634,  
		53.993055555556,  53.993055555556,  53.993055555556,  53.993055555556,  
		53.993055555556,  53.993055555556,  53.993055555556,  53.993055555556,  
		53.993055555556,  53.993055555556,  53.993055555556,  53.993055555556,  
		53.993055555556,  53.993055555556,  53.993055555556,  53.993055555556,  
		53.993055555556,  53.993055555556,  53.993055555556,  53.993055555556,  
		53.983132497422,  53.949292324811,  53.915452152201,  53.881611979591,  
		53.84777180698,  53.81393163437,  53.78009146176,  53.746251289149,  
		53.712411116539,  53.678570943929,  53.645833333333,  53.645833333333,  
		53.645833333333,  53.645833333333,  53.645833333333,  53.645833333333,  
		53.645833333333,  53.645833333333,  53.645833333333,  53.645833333333,  
		53.645833333333,  53.698077810346,  53.765758155566,  53.833438500787,  
		53.901118846008,  53.968799191228,  54.036479536449,  54.10415988167,  
		54.17184022689,  54.239520572111,  54.307200917332,  54.374881262552,  
		54.442561607773,  54.510241952994,  54.577922298214,  54.645602643435,  
		54.713282988655,  54.780963333876,  54.848643679097,  54.916324024317,  
		54.984004369538,  55.068647207295,  55.204007897737,  55.339368588178,  
		55.474729278619,  55.61008996906,  55.745450659502,  55.880811349943,  
		56.016172040384,  56.151532730826,  56.286893421267,  56.422254111708,  
		56.624616647669,  56.827657683331,  57.030698718993,  57.233739754655,  
		57.436780790316,  57.756184524779,  58.094586250882,  58.432987976985,  
		58.771389703089,  59.109791429192,  59.398832302014,  59.669553682896,  
		59.940275063779,  60.210996444662,  60.481717825544,  60.792979563589,  
		61.131381289692,  61.469783015795,  61.808184741899,  62.146586468002,  
		62.580147777235,  63.121590539,  63.663033300765,  64.204476062531,  
		64.745918824296,  65.218663491288,  65.557065217391,  65.895466943495,  
		66.233868669598,  66.572270395701,  66.966987597025,  67.576110704011,  
		68.185233810997,  68.794356917983,  69.403480024969,  69.991569641209,  
		70.329971367313,  70.668373093416,  71.006774819519,  71.345176545622,  
		71.683578271726,  72.086098219617,  72.492180290941,  72.898262362264,  
		73.304344433588,  73.710426504912,  74.227104027574,  74.768546789339,  
		75.309989551105,  75.85143231287,  76.392875074635,  76.88784060685,  
		77.361603023395,  77.835365439939,  78.309127856484,  78.782890273028,  
		79.14368248928,  79.414403870162,  79.685125251045,  79.955846631927,  
		80.22656801281,  80.612634342941,  81.154077104706,  81.695519866471,  
		82.236962628236,  82.778405390002,  83.219769445801,  83.422810481463,  
		83.625851517125,  83.828892552787,  84.031933588449,  84.234974624111,  
		84.438015659773,  84.641056695435,  84.844097731097,  85.047138766759,  
		85.254929300331,  85.593331026434,  85.931732752538,  86.270134478641,  
		86.608536204744,  86.946937930847,  87.162870460837,  87.365911496499,  
		87.568952532161,  87.771993567823,  87.975034603485,  88.178075639147,  
		88.381116674809,  88.584157710471,  88.787198746133,  88.990239781795,  
		89.261047569359,  89.569298464979,  89.877549360598,  90.185800256218,  
		90.494051151837,  90.802432773433,  91.110938106441,  91.419443439449,  
		91.727948772456,  92.036454105464,  92.367453097378,  92.734618364397,  
		93.101783631415,  93.468948898434,  93.836114165453,  94.182825782032,  
		94.469189004247,  94.755552226461,  95.041915448676,  95.32827867089,  
		95.616579188305,  95.918717528578,  96.220855868852,  96.522994209125,  
		96.825132549399,  97.127270889672,  97.550534326167,  97.974715377027,  
		98.398896427888,  98.823077478748,  99.247258529609,  99.801683634941,  
		100.37693264433,  100.95218165372,  101.52743066311,  102.1026796725,  
		102.75224922651,  103.42905267872,  104.10585613092,  104.78265958313,  
		105.45946303534,  106.05484652337,  106.59628928513,  107.1377320469,  
		107.67917480866,  108.22061757043,  109.05865652876,  110.22957738855,  
		111.40049824835,  112.57141910814,  113.74233996794,  115.19928161166,  
		117.20933697723,  119.21939234281,  121.22944770838,  123.23950307396,  
		125.69554700646,  129.82404806492,  133.95254912338,  138.08105018184,  
		142.2095512403,  146.33262430115,  150.39344501438,  154.45426572762,  
		158.51508644086,  162.5759071541,  166.63672786734,  167.35393606179,  
		167.89470032386,  168.43546458592,  168.97622884798,  169.51699311005,  
		170.66901035598,  171.95561541487,  173.24222047377,  174.52882553266,  
		175.81543059156,  176.91157560835,  177.92184046071,  178.93210531307,  
		179.94237016543,  180.95263501778,  181.77929034747,  182.46103412563,  
		183.14277790378,  183.82452168194,  184.5062654601,  185.09904399392,  
		185.57320220196,  186.04736040999,  186.52151861803,  186.99567682607,  
		187.48830877561,  188.02440835223,  188.56050792884,  189.09660750546,  
		189.63270708208,  190.1632179815,  190.66603573422,  191.16885348693,  
		191.67167123965,  192.17448899237,  192.68802999499,  193.47608619512,  
		194.26414239525,  195.05219859538,  195.84025479551,  196.62831099564,  
		197.37683534169,  198.12131913912,  198.86580293655,  199.61028673397,  
		200.3547705314,  200.9940868751,  201.60320998209,  202.21233308907,  
		202.82145619606,  203.43057930305,  204.3022817945,  205.31748697281,  
		206.33269215112,  207.34789732943,  208.36310250773,  209.48313588992,  
		210.70138210389,  211.91962831786,  213.13787453184,  214.35612074581,  
		215.28702233621,  215.76078475275,  216.2345471693,  216.70830958584,  
		217.18207200239,  217.67995495578,  218.24807123706,  218.81618751834,  
		219.38430379962,  219.9524200809,  220.54777625464,  221.33326687777,  
		222.11875750091,  222.90424812404,  223.68973874718,  224.47522937031,  
		225.15207129634,  225.82836587377,  226.5046604512,  227.18095502863,  
		227.85724960606,  228.59294479175,  229.33793746396,  230.08293013616,  
		230.82792280836,  231.57291548057,  232.46663477718,  233.41415961027,  
		234.36168444336,  235.30920927645,  236.25673410954,  237.08162012159,  
		237.82610391901,  238.57058771644,  239.31507151387,  240.0595553113,  
		240.83609821962,  241.64826236226,  242.46042650491,  243.27259064756,  
		244.08475479021,  244.85044170331,  245.52724515551,  246.20404860772,  
		246.88085205992,  247.55765551213,  248.20562272703,  248.74706548879,  
		249.28850825056,  249.82995101232,  250.37139377409,  250.88484842317,  
		251.08788945883,  251.29093049449,  251.49397153015,  251.69701256581,  
		251.90005360148,  252.48983946697,  253.09896257396,  253.70808568094,  
		254.31720878793,  254.92633189491,  255.42418105086,  255.8979434674,  
		256.37170588395,  256.84546830049,  257.31923071704,  257.72728579407,  
		258.10605825241,  258.48483071075,  258.86360316909,  259.24237562743,  
		259.60614967132,  259.95820620392,  260.31026273651,  260.66231926911,  
		261.0143758017,  261.48313428295,  262.10591219642,  262.7286901099,  
		263.35146802338,  263.97424593686,  264.50902294921,  264.83919786643,  
		265.16937278365,  265.49954770088,  265.8297226181,  266.16270166065,  
		266.50933019564,  266.85595873062,  267.2025872656,  267.54921580059,  
		267.90094243609,  268.37470485263,  268.84846726917,  269.32222968572,  
		269.79599210226,  270.26975451881,  270.68194308745,  271.08802515877,  
		271.49410723009,  271.90018930142,  272.30627137274,  272.60510151682,  
		272.87358384869,  273.14206618055,  273.41054851242,  273.67903084429,  
		274.08221857873,  274.55822004429,  275.03422150985,  275.51022297541,  
		275.98622444097,  276.39083957553,  276.72924130163,  277.06764302774,  
		277.40604475384,  277.74444647994,  278.10914006948,  278.5152221408,  
		278.92130421213,  279.32738628345,  279.73346835477,  280.10493610063,  
		280.37692966846,  280.64892323628,  280.9209168041,  281.19291037192,  
		281.47322959022,  281.81035912938,  282.14748866854,  282.48461820771,  
		282.82174774687,  283.15887728603,  283.4972758237,  283.8356775498,  
		284.17407927591,  284.51248100201,  284.85088272811,  285.13059423004,  
		285.40131561092,  285.6720369918,  285.94275837269,  286.21347975357,  
		286.43433140639,  286.63737244206,  286.84041347772,  287.04345451338,  
		287.24649554904,  287.40848735277,  287.54384804321,  287.67920873365,  
		287.81456942409,  287.94993011453,  288.11751954079,  288.32056057645,  
		288.52360161212,  288.72664264778,  288.92968368344,  289.1327247191,  
		289.33576575476,  289.53880679042,  289.74184782609,  289.94488886175,  
		290.11875441025,  290.18643475547,  290.25411510069,  290.32179544591,  
		290.38947579113,  290.46869063128,  290.67173166694,  290.8747727026,  
		291.07781373826,  291.28085477392,  291.48389580959,  291.55768265212,  
		291.62536299734,  291.69304334256,  291.76072368778,  291.828404033,  
		291.86333238423,  291.89129222609,  291.91925206796,  291.94721190982,  
		291.97517175168,  292.05828236763,  292.16568321621,  292.27308406479,  
		292.38048491336,  292.48788576194,  292.56727617876,  292.62500519503,  
		292.68273421129,  292.74046322756,  292.79819224383,  292.89389584541,  
		293.03920786481,  293.1845198842,  293.3298319036,  293.47514392299,  
		293.5900719662,  293.63519219635,  293.6803124265,  293.72543265664,  
		293.77055288679,  293.81567311694,  293.86079334708,  293.90591357723,  
		293.95103380738,  293.99615403753,  294.0441578914,  294.15695846677,  
		294.26975904214,  294.38255961751,  294.49536019287,  294.60816076824,  
		294.67979902839,  294.74747937361,  294.81515971883,  294.88284006405,  
		294.95052040927,  295.01820075449,  295.08588109971,  295.15356144493,  
		295.22124179015,  295.28892213537,  295.32815416996,  295.35217730002,  
		295.37620043007,  295.40022356013,  295.42424669018,  295.49896003979,  
		295.62022065831,  295.74148127683,  295.86274189535,  295.98400251387,  
		296.08217328104,  296.14437716438,  296.20658104773,  296.26878493107,  
		296.33098881442,  296.38459010864,  296.41378982793,  296.44298954723,  
		296.47218926652,  296.50138898582,  296.54885973279,  296.7182544529,  
		296.88764917301,  297.05704389311,  297.22643861322,  297.39583333333 ]
];
prUnarchive(o,p);
