var o, p;
o = [
	Array.prNew(2048)
];
p = [
	// Array
	0, [ 0.0,  0.0,  0.0,  0.0,  
		0.0,  0.0,  0.0,  0.0,  
		0.0,  0.0,  0.0,  0.0,  
		0.0,  0.0,  0.0,  0.0,  
		0.0,  0.0,  0.0,  0.0,  
		0.0,  0.0,  0.0,  0.0,  
		0.0,  0.0,  0.0,  0.0,  
		0.0,  0.0,  0.0,  0.0,  
		0.0,  0.0,  0.0,  0.0,  
		0.0,  0.0,  0.0,  0.0,  
		0.0,  0.0,  0.0,  0.0,  
		0.0,  0.0,  0.0,  0.0,  
		0.0,  0.0,  0.0,  0.0,  
		0.0,  0.0,  0.0,  0.0,  
		0.0,  0.0,  0.0,  0.0,  
		0.0,  0.0,  0.0,  0.0,  
		0.0,  0.0,  0.0,  0.0,  
		0.0,  0.0,  0.0,  0.0,  
		0.0,  0.0,  0.0,  0.0,  
		0.0,  0.0,  0.0,  0.0,  
		0.0,  0.0,  0.0,  0.0,  
		0.0,  0.0,  0.0,  0.0,  
		0.0,  0.0,  0.0,  0.0,  
		0.0,  0.0,  0.0,  0.0,  
		0.0,  0.0,  0.0,  0.0,  
		0.0,  0.0,  0.0,  0.0,  
		0.0,  0.0,  0.0,  0.0,  
		0.0,  0.0,  0.0,  0.0,  
		0.0,  0.0,  0.0,  0.0,  
		0.0,  0.0,  0.0,  0.0,  
		0.0,  0.0,  0.0,  0.0,  
		0.0,  0.0,  0.0,  0.0,  
		0.0,  0.0,  0.0,  0.0,  
		0.0,  0.0,  0.0,  0.0,  
		0.0,  0.0,  0.0,  0.0,  
		0.0,  0.0,  0.0,  0.0,  
		0.0,  0.0,  0.0,  0.0,  
		0.0,  0.0,  0.0,  0.0,  
		0.0,  0.0,  0.0,  0.0,  
		0.0,  0.0,  0.0,  0.0,  
		0.0,  0.0,  0.0,  0.0,  
		0.0,  0.0,  0.0,  0.0,  
		0.0,  0.0,  0.0,  0.0,  
		0.0,  0.0,  0.0,  0.0,  
		0.0,  0.0,  0.0,  0.0,  
		0.0,  0.0,  0.0,  0.0,  
		0.0,  0.0,  0.0,  0.0,  
		0.0,  0.0,  0.0,  0.0,  
		0.0,  0.0,  0.0,  0.0,  
		0.0,  0.0,  0.0,  0.0,  
		0.0,  0.0,  0.0,  0.0,  
		0.0,  0.0,  0.0,  6.736815441846e-06,  
		1.422786130816e-05,  0.00015570387239122,  0.00031234249107225,  0.0008387039445646,  
		0.0014073539575942,  0.001466275659824,  0.001466275659824,  0.001466275659824,  
		0.001466275659824,  0.001466275659824,  0.001466275659824,  0.001466275659824,  
		0.001466275659824,  0.001466275659824,  0.001466275659824,  0.001466275659824,  
		0.001466275659824,  0.001466275659824,  0.001466275659824,  0.001466275659824,  
		0.001466275659824,  0.001466275659824,  0.001466275659824,  0.001466275659824,  
		0.001466275659824,  0.001466275659824,  0.001466275659824,  0.001466275659824,  
		0.001466275659824,  0.001466275659824,  0.001466275659824,  0.001466275659824,  
		0.001466275659824,  0.001466275659824,  0.001466275659824,  0.001466275659824,  
		0.001466275659824,  0.001466275659824,  0.001466275659824,  0.001466275659824,  
		0.001466275659824,  0.001466275659824,  0.001466275659824,  0.001466275659824,  
		0.001466275659824,  0.001466275659824,  0.001466275659824,  0.001466275659824,  
		0.001466275659824,  0.001466275659824,  0.001466275659824,  0.001466275659824,  
		0.001466275659824,  0.001466275659824,  0.001466275659824,  0.0016792569150859,  
		0.0019235168076116,  0.0021677767001372,  0.0024120365926628,  0.0026562964851885,  
		0.0029005563777141,  0.0031448162702398,  0.0033890761627654,  0.0036333360552911,  
		0.0038775959478167,  0.0041218558403424,  0.004366115732868,  0.0046103756253937,  
		0.0048546355179193,  0.005098895410445,  0.0053431553029706,  0.0055874151954963,  
		0.0058316750880219,  0.0060759349805476,  0.0063201948730732,  0.0065644547655988,  
		0.0068087146581245,  0.0070529745506501,  0.0072972344431758,  0.0073313782991202,  
		0.0073313782991202,  0.0073313782991202,  0.0073313782991202,  0.0073313782991202,  
		0.0073313782991202,  0.0073313782991202,  0.0073313782991202,  0.0073313782991202,  
		0.0073313782991202,  0.0073313782991202,  0.0073313782991202,  0.0073313782991202,  
		0.0073313782991202,  0.0073313782991202,  0.0073313782991202,  0.0074525995320995,  
		0.0075948120565694,  0.0077370245810394,  0.0078792371055093,  0.0080214496299793,  
		0.0081636621544492,  0.0083058746789192,  0.0084480872033891,  0.008590299727859,  
		0.008732512252329,  0.0088747247767989,  0.0090169373012689,  0.0091591498257388,  
		0.0093013623502088,  0.0094435748746787,  0.0095857873991486,  0.0097279999236186,  
		0.0098702124480885,  0.010049065869257,  0.010234712504181,  0.010263929618768,  
		0.010263929618768,  0.010263929618768,  0.010263929618768,  0.010263929618768,  
		0.010263929618768,  0.010263929618768,  0.010263929618768,  0.010263929618768,  
		0.010263929618768,  0.010263929618768,  0.010263929618768,  0.010263929618768,  
		0.010263929618768,  0.010263929618768,  0.010263929618768,  0.010263929618768,  
		0.010263929618768,  0.010263929618768,  0.010263929618768,  0.010263929618768,  
		0.010263929618768,  0.010263929618768,  0.010263929618768,  0.010464287005894,  
		0.010705423014163,  0.010946559022433,  0.011187695030703,  0.011428831038972,  
		0.011669967047242,  0.011911103055512,  0.012152239063781,  0.012393375072051,  
		0.012634511080321,  0.012891129095607,  0.013151008409412,  0.013837846307239,  
		0.014615235847886,  0.015392625388532,  0.016170014929179,  0.016947404469825,  
		0.017724794010472,  0.018502183551118,  0.019279573091765,  0.020056962632412,  
		0.020834352173058,  0.021611741713705,  0.022389131254351,  0.023166520794998,  
		0.023943910335644,  0.024721299876291,  0.025498689416937,  0.026546811314103,  
		0.0276554917647,  0.029861320249202,  0.03231417128505,  0.034767022320898,  
		0.037219873356746,  0.039672724392594,  0.042125575428443,  0.043750453887189,  
		0.045185256910568,  0.046039175576261,  0.046758882693607,  0.047499802372032,  
		0.048245654609839,  0.049970607631701,  0.051924686771906,  0.053878765912111,  
		0.055832845052317,  0.057991334298744,  0.060198268987517,  0.061738541323789,  
		0.063119815496087,  0.064501089668385,  0.065882363840683,  0.067713093636206,  
		0.069652369146561,  0.071292371212002,  0.072859645830319,  0.074426920448636,  
		0.075994195066953,  0.07756146968527,  0.079128744303587,  0.080696018921904,  
		0.082263293540221,  0.084149987526426,  0.086116243846024,  0.087551930098852,  
		0.088854649525655,  0.090157368952459,  0.091460088379262,  0.092762807806065,  
		0.094065527232869,  0.095368246659672,  0.096670966086476,  0.097973685513279,  
		0.099276404940083,  0.10057912436689,  0.10188184379369,  0.10318456322049,  
		0.1044872826473,  0.1057900020741,  0.1070927215009,  0.10859990284873,  
		0.11016085010913,  0.11096476830483,  0.11156843406561,  0.1126459252128,  
		0.11384949613484,  0.11513391793345,  0.11643998011538,  0.11774604229731,  
		0.11905210447924,  0.12035816666118,  0.12166422884311,  0.12297029102504,  
		0.12427635320697,  0.12573750561959,  0.12724114850637,  0.12814045875016,  
		0.12887323842774,  0.12960601810532,  0.13033879778289,  0.13107157746047,  
		0.13180435713805,  0.13253713681562,  0.1332699164932,  0.13400269617078,  
		0.13473547584836,  0.13559286222988,  0.13648558250738,  0.13720631764346,  
		0.1378780067656,  0.13854969588774,  0.13922138500987,  0.13989307413201,  
		0.14056476325414,  0.14123645237628,  0.14190814149842,  0.14257983062055,  
		0.14325151974269,  0.14408295740987,  0.14496124926473,  0.14552336300005,  
		0.14599222420137,  0.1464610854027,  0.14692994660402,  0.1474442358522,  
		0.1479720728047,  0.14922130519307,  0.15068686454822,  0.15440448578637,  
		0.15880116385183,  0.1603719950641,  0.16108607270814,  0.16214153018905,  
		0.16330105626818,  0.16446058234732,  0.16562010842646,  0.16678989830704,  
		0.16796285132848,  0.16921229234128,  0.17048543385844,  0.17161894172977,  
		0.17270894834991,  0.17378241260766,  0.17485069543228,  0.1759189782569,  
		0.17698726108152,  0.17807691787721,  0.17917334172166,  0.18044523718288,  
		0.18177298507882,  0.18298832554202,  0.18416769562675,  0.18533205177176,  
		0.1864915778509,  0.18765110393003,  0.18881063000917,  0.18997015608831,  
		0.19112968216744,  0.19230842997265,  0.19349346036537,  0.19481329655937,  
		0.19617742608808,  0.19727197117318,  0.19827747276195,  0.19927243663721,  
		0.20026390166228,  0.20136000650704,  0.2024910367675,  0.2028653843281,  
		0.20298585792805,  0.2030162412993,  0.2030162412993,  0.20300126558204,  
		0.20298121301822,  0.18907775026388,  0.17044337446953,  0.16568914956012,  
		0.16568914956012,  0.16568914956012,  0.16568914956012,  0.16568914956012,  
		0.16568914956012,  0.16568914956012,  0.16568914956012,  0.16568914956012,  
		0.16568914956012,  0.16568914956012,  0.16568914956012,  0.16568914956012,  
		0.16568914956012,  0.16568914956012,  0.16568914956012,  0.16568914956012,  
		0.16568914956012,  0.16568914956012,  0.16568914956012,  0.16552634016049,  
		0.16530485875648,  0.16478574611011,  0.16415883626278,  0.16353192641545,  
		0.16290501656813,  0.1622781067208,  0.16165119687347,  0.16087658962448,  
		0.16004768186017,  0.15967116703836,  0.1594618014162,  0.15925243579403,  
		0.15904307017187,  0.1588337045497,  0.15862433892754,  0.15841497330537,  
		0.15820560768321,  0.15799624206104,  0.15778687643888,  0.15757751081671,  
		0.15736814519455,  0.15714211877855,  0.15690975181753,  0.15671950289093,  
		0.15654536126667,  0.15637121964241,  0.15619707801815,  0.1560229363939,  
		0.15584879476964,  0.15567465314538,  0.15550051152112,  0.15532636989687,  
		0.15515222827261,  0.15497808664835,  0.15480394502409,  0.15462980339984,  
		0.15445566177558,  0.15424610613245,  0.15402253948595,  0.15395894428152,  
		0.15395894428152,  0.15395894428152,  0.15395894428152,  0.15395894428152,  
		0.15395894428152,  0.16440266637251,  0.17905825992404,  0.18328445747801,  
		0.18328445747801,  0.18432596446842,  0.18579152382358,  0.18676640292637,  
		0.18754054919865,  0.18825606246768,  0.18894747555056,  0.1899570669356,  
		0.19109806068576,  0.1920652437729,  0.19296030625297,  0.19385536873304,  
		0.19475043121312,  0.19580449158486,  0.19692515024133,  0.19781356653906,  
		0.1986042475108,  0.19915252026911,  0.19959830054217,  0.20004408081524,  
		0.2004898610883,  0.20112394112437,  0.20183838340239,  0.20246308523882,  
		0.20304930898088,  0.20363553272295,  0.20422175646501,  0.20480798020707,  
		0.20539420394913,  0.20598042769119,  0.20656665143325,  0.20727643892126,  
		0.20804019877582,  0.20876089527586,  0.20946269477646,  0.21020339564236,  
		0.21096124598339,  0.2116283467545,  0.21225525660182,  0.21288216644915,  
		0.21350907629648,  0.2141359861438,  0.21476289599113,  0.21576796590814,  
		0.21694283291026,  0.21791609690823,  0.21879842508306,  0.21968075325788,  
		0.22056308143271,  0.22136079890944,  0.22212000227041,  0.22268422792028,  
		0.22315929709541,  0.22363436627054,  0.22410943544568,  0.22527663682861,  
		0.22676320778742,  0.22824863671992,  0.22973353630117,  0.23120523991192,  
		0.23267079926708,  0.23385926066909,  0.23491811815041,  0.23589347817394,  
		0.23682960878844,  0.23776573940293,  0.23870187001743,  0.24019875863542,  
		0.24196148209946,  0.24344013299526,  0.24478351123954,  0.24612688948381,  
		0.24747026772808,  0.24881364597235,  0.25015702421662,  0.2515004024609,  
		0.25284378070517,  0.25418715894944,  0.25553053719371,  0.25706852368351,  
		0.25870126854868,  0.26012331901202,  0.26144232243165,  0.26276132585129,  
		0.26408032927093,  0.26539933269057,  0.26671833611021,  0.26803733952985,  
		0.26935634294948,  0.27067534636912,  0.27199434978876,  0.2733133532084,  
		0.27463235662804,  0.27595136004768,  0.27727036346732,  0.27858936688695,  
		0.27990837030659,  0.28122737372623,  0.28254637714587,  0.28404138541548,  
		0.28562595367512,  0.28690273749133,  0.28802221936155,  0.28914170123178,  
		0.290261183102,  0.29138066497223,  0.29250014684246,  0.29361962871268,  
		0.29473911058291,  0.29585859245314,  0.29697807432336,  0.29818000055047,  
		0.29942498923183,  0.30057433308454,  0.3016735026009,  0.30277267211727,  
		0.30387184163363,  0.30497101115,  0.30607018066636,  0.30727716278809,  
		0.30854144053093,  0.30971131079866,  0.31083079266889,  0.31195027453911,  
		0.31306975640934,  0.31418923827957,  0.31530872014979,  0.31642820202002,  
		0.31754768389025,  0.31866716576047,  0.3197866476307,  0.32128639165346,  
		0.32299349917632,  0.32439943514524,  0.3256404329863,  0.32599233498547,  
		0.3258552342716,  0.32542881579079,  0.32484259204873,  0.32425636830667,  
		0.32367014456461,  0.32308392082255,  0.32249769708049,  0.32191147333842,  
		0.32132524959636,  0.32111436950147,  0.32111436950147,  0.32111436950147,  
		0.32111436950147,  0.32111436950147,  0.32111436950147,  0.32111436950147,  
		0.32111436950147,  0.32111436950147,  0.32111436950147,  0.32111436950147,  
		0.32111436950147,  0.32111436950147,  0.32111436950147,  0.3213964380971,  
		0.32184174083371,  0.32228704357033,  0.32273234630695,  0.32317764904357,  
		0.32362295178019,  0.32386923665131,  0.32399888779661,  0.32404692082111,  
		0.32404692082111,  0.32404692082111,  0.32404692082111,  0.32450678841936,  
		0.32523956809694,  0.32597234777451,  0.32670512745209,  0.32743790712967,  
		0.32817068680724,  0.32890346648482,  0.3296362461624,  0.33089445200364,  
		0.33246972535744,  0.33387736673032,  0.33518342891225,  0.33648949109418,  
		0.33779555327611,  0.33910161545805,  0.34040767763998,  0.34171373982191,  
		0.34301980200384,  0.3449342389233,  0.3472235038801,  0.34918640558493,  
		0.35094739584748,  0.35270838611004,  0.35446937637259,  0.35623036663515,  
		0.3579913568977,  0.36034595861696,  0.36307239326777,  0.36562458663251,  
		0.36806718555777,  0.37050978448303,  0.37295238340828,  0.37566225115042,  
		0.37854161684831,  0.38133750556927,  0.38408023615132,  0.38682296673338,  
		0.38956569731543,  0.39230842789749,  0.39505115847954,  0.3977938890616,  
		0.40053661964365,  0.40327935022571,  0.40602208080776,  0.40876481138982,  
		0.41150754197187,  0.41682501485048,  0.42382293342828,  0.43010674981524,  
		0.43592258661111,  0.44173842340699,  0.44755426020286,  0.45371736013354,  
		0.4601099017783,  0.47863564237428,  0.5052107247135,  0.51970583503507,  
		0.52615418875204,  0.5328661924769,  0.53975453633752,  0.54646740025816,  
		0.55306241735635,  0.55965743445454,  0.56625245155273,  0.57284746865093,  
		0.57944248574912,  0.58603750284731,  0.5926325199455,  0.5992275370437,  
		0.60582255414189,  0.61477133998384,  0.62533325234539,  0.6342806223828,  
		0.64211699547439,  0.65072131114344,  0.65985620532057,  0.66687438068636,  
		0.67242416998932,  0.67797395929228,  0.68352374859525,  0.68907353789821,  
		0.69462332720117,  0.70017311650413,  0.70572290580709,  0.71127269511005,  
		0.71682248441301,  0.72150758146082,  0.72558060919948,  0.72941447823652,  
		0.7330783766244,  0.73674227501228,  0.74040617340017,  0.74407007178805,  
		0.74773397017594,  0.74958978821772,  0.7501450039265,  0.7506421296372,  
		0.75109730146038,  0.75155247328357,  0.75200764510675,  0.75219941348974,  
		0.75219941348974,  0.75219941348974,  0.75219941348974,  0.75219941348974,  
		0.75219941348974,  0.75219941348974,  0.75219941348974,  0.75219941348974,  
		0.75219941348974,  0.75240964891043,  0.75277603874922,  0.75314242858801,  
		0.75350881842679,  0.75387520826558,  0.75424159810437,  0.75460798794316,  
		0.75497437778195,  0.75570274238689,  0.7567042954946,  0.75768492942505,  
		0.75864971222635,  0.75961449502766,  0.76057927782896,  0.76196416511141,  
		0.76366992529929,  0.7651717613198,  0.76651722025859,  0.76786267919738,  
		0.76920813813617,  0.77168369559535,  0.7750327780807,  0.7778198407798,  
		0.78017075270727,  0.78252166463475,  0.78487257656222,  0.78714330647925,  
		0.78935131562502,  0.79114346579717,  0.79260902515232,  0.79407458450748,  
		0.79554014386263,  0.79700570321778,  0.79847126257294,  0.79993682192809,  
		0.80140238128325,  0.8028679406384,  0.80433349999355,  0.80579905934871,  
		0.80726461870386,  0.80873017805902,  0.81019573741417,  0.81166129676932,  
		0.81312685612448,  0.81451487532404,  0.81584003896384,  0.8170106600461,  
		0.81805550979165,  0.81910035953719,  0.82014520928274,  0.82119005902828,  
		0.82223490877382,  0.82327975851937,  0.82432460826491,  0.82568094434497,  
		0.82729481287659,  0.82871323643027,  0.82996943016326,  0.83122562389625,  
		0.83248181762924,  0.83373801136223,  0.83499420509522,  0.83625039882821,  
		0.8375065925612,  0.83876278629419,  0.84001898002717,  0.84127517376016,  
		0.84253136749315,  0.84397188731875,  0.84556906765704,  0.84707155293806,  
		0.84849323863217,  0.84991492432628,  0.85133661002038,  0.85275829571449,  
		0.8541799814086,  0.85676139954875,  0.86034411674068,  0.86340690737369,  
		0.86601903173755,  0.86926388769219,  0.87305934737116,  0.87364277227351,  
		0.87142007888199,  0.86647324552658,  0.85913716647806,  0.85281430493679,  
		0.8473835963109,  0.84195288768502,  0.83652217905914,  0.83109147043325,  
		0.82566076180737,  0.8192440200754,  0.81194877934689,  0.80479107541685,  
		0.79775639051211,  0.79072170560738,  0.78368702070264,  0.7766523357979,  
		0.76961765089316,  0.76258296598842,  0.75554828108368,  0.74925595389326,  
		0.7436381196261,  0.73866326087673,  0.73427489194544,  0.72988652301415,  
		0.72549815408286,  0.72110978515158,  0.71672141622029,  0.71371296013233,  
		0.71197807022119,  0.71223308728737,  0.71433185997095,  0.7175636193835,  
		0.72184927022509,  0.72586489521203,  0.72962835994907,  0.73290492236321,  
		0.73572501384964,  0.73720672261918,  0.73742877706693,  0.73602955186547,  
		0.73309843315516,  0.73016731444486,  0.72723619573455,  0.7234052429141,  
		0.71871738700022,  0.7143272554553,  0.71022175523826,  0.70566339502526,  
		0.70067039332189,  0.69628479067101,  0.69248443624346,  0.68786047848723,  
		0.68243984289577,  0.67778144684948,  0.67386326030368,  0.66994507375789,  
		0.6660268872121,  0.66198640383903,  0.65782622569883,  0.65437149212573,  
		0.65160989885403,  0.64884830558233,  0.64608671231063,  0.64335897989734,  
		0.64066477895669,  0.63896054047861,  0.63824047520893,  0.6368900730327,  
		0.63491056507671,  0.63294375910005,  0.63098967995985,  0.62903560081964,  
		0.62708152167944,  0.62519337687869,  0.62337181410247,  0.62167652540661,  
		0.62010925078829,  0.61854197616998,  0.61697470155166,  0.61540742693334,  
		0.61384015231502,  0.61227287769671,  0.61070560307839,  0.60913832846007,  
		0.60757105384176,  0.60549625810913,  0.6028967884611,  0.60059222767757,  
		0.59859373764781,  0.59659524761806,  0.5945967575883,  0.59259826755855,  
		0.59059977752879,  0.58860128749904,  0.58660279746928,  0.58460430743953,  
		0.58260581740977,  0.58060732738002,  0.57860883735026,  0.57661034732051,  
		0.57461185729075,  0.572613367261,  0.57061487723124,  0.56861638720148,  
		0.56661789717173,  0.56461940714197,  0.56262091711222,  0.56024646445844,  
		0.55746624726531,  0.55501745156945,  0.55292775207836,  0.55083805258727,  
		0.54874835309618,  0.54665865360509,  0.544568954114,  0.54247925462291,  
		0.54038955513182,  0.53773277690899,  0.53445186275141,  0.53144908486589,  
		0.52875363039206,  0.52592735115525,  0.52295595084114,  0.52020754464327,  
		0.51770747280212,  0.51520740096098,  0.51270732911983,  0.51020725727869,  
		0.50770718543754,  0.5052071135964,  0.50270704175525,  0.50020696991411,  
		0.49770689807296,  0.49520682623182,  0.49270675439067,  0.49020668254953,  
		0.48770661070838,  0.48520653886724,  0.48270646702609,  0.48020639518495,  
		0.4777063233438,  0.47520625150266,  0.47270617966151,  0.47020610782037,  
		0.46770603597923,  0.46520596413808,  0.46270589229694,  0.46020582045579,  
		0.45770574861465,  0.4552056767735,  0.45270560493236,  0.45020553309121,  
		0.44770546125007,  0.44520538940892,  0.44270531756778,  0.44018133565715,  
		0.43762899885642,  0.43509706644585,  0.43258942705655,  0.43008178766724,  
		0.42757414827793,  0.42506650888862,  0.42255886949932,  0.42005123011001,  
		0.4175435907207,  0.4150359513314,  0.41252831194209,  0.41002067255278,  
		0.40751303316347,  0.40500539377417,  0.40249775438486,  0.39999011499555,  
		0.39748247560624,  0.39469177265702,  0.39155325304592,  0.38878878815371,  
		0.3864857663099,  0.38418274446609,  0.38187972262227,  0.37957670077846,  
		0.37727367893465,  0.37497065709083,  0.37266763524702,  0.37036461340321,  
		0.36806159155939,  0.36575856971558,  0.36345554787177,  0.3608761695978,  
		0.35794767733795,  0.35515865909676,  0.3525465347329,  0.34993441036904,  
		0.34732228600517,  0.34471016164131,  0.34209803727745,  0.33948591291359,  
		0.33687378854973,  0.33426166418586,  0.331649539822,  0.32903741545814,  
		0.32642529109428,  0.32381316673042,  0.32120104236656,  0.31858891800269,  
		0.31597679363883,  0.31336466927497,  0.31075254491111,  0.30814042054725,  
		0.30552829618338,  0.30294674185432,  0.3004055316528,  0.2979767735823,  
		0.2956970145854,  0.29341725558849,  0.29113749659158,  0.28885773759468,  
		0.28657797859777,  0.28429821960087,  0.28201846060396,  0.27973870160705,  
		0.27745894261015,  0.27517918361324,  0.27289942461633,  0.27061966561943,  
		0.26833990662252,  0.26606014762562,  0.26378038862871,  0.25713121957219,  
		0.24450445480912,  0.23696015973043,  0.23639689029712,  0.23588681139554,  
		0.23545008594817,  0.23501336050081,  0.23457663505345,  0.23413990960609,  
		0.23370318415872,  0.23326645871136,  0.232829733264,  0.23239300781664,  
		0.23195628236927,  0.23151955692191,  0.23108283147455,  0.23064610602719,  
		0.23020938057982,  0.22977265513246,  0.2293359296851,  0.22889920423774,  
		0.22846247879037,  0.22802575334301,  0.22758902789565,  0.22715230244829,  
		0.22671557700092,  0.22627885155356,  0.2258421261062,  0.22532988828264,  
		0.22470835623037,  0.22415636115464,  0.2237054198146,  0.22325447847455,  
		0.2228035371345,  0.22235259579445,  0.22190165445441,  0.22145071311436,  
		0.22099977177431,  0.22054883043426,  0.22009788909422,  0.21964694775417,  
		0.21919600641412,  0.21874506507408,  0.21829412373403,  0.21784318239398,  
		0.21739224105393,  0.21694129971389,  0.21649035837384,  0.21603941703379,  
		0.21558847569374,  0.2151375343537,  0.21468659301365,  0.2142356516736,  
		0.21378471033355,  0.21333376899351,  0.21288282765346,  0.21260997067449,  
		0.21260997067449,  0.21260997067449,  0.21260997067449,  0.21260997067449,  
		0.21260997067449,  0.21241847855933,  0.21192995877428,  0.21144143898923,  
		0.21095291920418,  0.21046439941912,  0.20997587963407,  0.20948735984902,  
		0.20899884006397,  0.20851032027892,  0.20802180049387,  0.20751710608723,  
		0.20698680186309,  0.20647532037829,  0.20599376466642,  0.20551220895455,  
		0.20503065324268,  0.20454909753081,  0.20406754181894,  0.20358598610707,  
		0.2031044303952,  0.20262287468333,  0.20214131897147,  0.20151953769286,  
		0.20067015953286,  0.19984577960451,  0.19906214229536,  0.1982785049862,  
		0.19749486767704,  0.19671123036788,  0.19592759305872,  0.19514395574956,  
		0.1943603184404,  0.19357668113125,  0.19279304382209,  0.19200940651293,  
		0.19122576920377,  0.19043877968678,  0.18964618856925,  0.18891576194512,  
		0.18828964799187,  0.18766353403862,  0.18703742008537,  0.18641130613213,  
		0.18578519217888,  0.18515907822563,  0.18453296427238,  0.18390685031913,  
		0.18328073636588,  0.18265462241263,  0.18202850845938,  0.18140239450613,  
		0.18077628055289,  0.18015016659964,  0.17952405264639,  0.17881487199844,  
		0.17796154620382,  0.17722095539992,  0.17667681967369,  0.17613268394746,  
		0.17558854822124,  0.17504441249501,  0.17450027676878,  0.17395614104255,  
		0.17341200531633,  0.1728678695901,  0.17232373386387,  0.17177959813764,  
		0.17123546241142,  0.17069132668519,  0.17014719095896,  0.16960305523273,  
		0.16905891950651,  0.16851478378028,  0.16797064805405,  0.16742651232782,  
		0.1668823766016,  0.16633824087537,  0.16579410514914,  0.16524996942291,  
		0.16470583369669,  0.16407205410646,  0.16327388604542,  0.16264198949324,  
		0.16231630963654,  0.16199062977984,  0.16166494992314,  0.16133927006644,  
		0.16101359020974,  0.16068791035304,  0.16036223049634,  0.16003655063964,  
		0.15971087078294,  0.15938519092623,  0.15905951106953,  0.15873383121283,  
		0.15840815135613,  0.15808247149943,  0.15775679164273,  0.1574247259614,  
		0.15708048730189,  0.15680547392215,  0.15666299441139,  0.15652051490063,  
		0.15637803538988,  0.15623555587912,  0.15609307636837,  0.15595059685761,  
		0.15580811734685,  0.1556656378361,  0.15552315832534,  0.15538067881459,  
		0.15523819930383,  0.15509571979307,  0.15495324028232,  0.15481076077156,  
		0.15466828126081,  0.15452580175005,  0.15438332223929,  0.15423341920741,  
		0.15406873425188,  0.15395894428152,  0.15395894428152,  0.15395894428152,  
		0.15395894428152,  0.15395894428152,  0.15395894428152,  0.15395894428152,  
		0.15395894428152,  0.15395894428152,  0.15395894428152,  0.15395894428152,  
		0.15395894428152,  0.15407382348103,  0.15442463369324,  0.15504468308532,  
		0.15622013904906,  0.1573955950128,  0.15857105097654,  0.15991510321339,  
		0.16161005913916,  0.16315164376706,  0.16437258507736,  0.16575134448111,  
		0.16746152188112,  0.16892276341366,  0.16985889402815,  0.17079502464265,  
		0.17173115525714,  0.17317497853497,  0.17569939537144,  0.17788638548366,  
		0.17935194483881,  0.18081750419396,  0.18228306354912,  0.18386364336914,  
		0.18569236919206,  0.18826412118697,  0.19244614661961,  0.1956037869763,  
		0.19653132193476,  0.19745885689321,  0.19838639185166,  0.19947906199429,  
		0.20093451349466,  0.20242483456944,  0.20399210918775,  0.20578761401843,  
		0.20808910092366,  0.20989180827481,  0.21058366904811,  0.2112755298214,  
		0.2119673905947,  0.21265925136799,  0.21335111214128,  0.2140932115693,  
		0.21494874795972,  0.21563220333884,  0.21592531520987,  0.2162184270809,  
		0.21651153895193,  0.21680465082296,  0.21709776269399,  0.21739087456502,  
		0.21768398643605,  0.21797709830709,  0.21827021017812,  0.21847507331378,  
		0.21847507331378,  0.21847507331378,  0.21847507331378,  0.21883878173641,  
		0.22005470891401,  0.2218192209641,  0.22487515576318,  0.22957927189811,  
		0.23818155375826,  0.24500962474709,  0.24762174911095,  0.25051546826839,  
		0.25408147168469,  0.25691252347573,  0.25798066804607,  0.25904881261641,  
		0.26011695718675,  0.26118510175709,  0.26225324632743,  0.263357541177,  
		0.26454978553145,  0.26567955107754,  0.26665659064764,  0.26763363021774,  
		0.26861066978784,  0.26958770935795,  0.27056474892805,  0.27154178849815,  
		0.27251882806826,  0.27349586763836,  0.27447290720846,  0.27550436192664,  
		0.27667204086824,  0.27769863179668,  0.27837032091882,  0.27904201004095,  
		0.27971369916309,  0.28038538828523,  0.28105707740736,  0.2817287665295,  
		0.28240045565163,  0.28307214477377,  0.28374383389591,  0.28446470046954,  
		0.28531229355282,  0.2860565921217,  0.28653341226381,  0.28701023240591,  
		0.28748705254802,  0.28797358236447,  0.28848550143542,  0.28885630498534,  
		0.28885630498534,  0.28885630498534,  0.28885630498534,  0.28885630498534,  
		0.28885630498534,  0.28885630498534,  0.28885630498534,  0.28885630498534,  
		0.28885630498534,  0.28885630498534,  0.28885630498534,  0.28885630498534,  
		0.28885630498534,  0.28885630498534,  0.28885630498534,  0.28885630498534,  
		0.28885630498534,  0.28885630498534,  0.28885630498534,  0.28885630498534,  
		0.28885630498534,  0.28885630498534,  0.28885630498534,  0.28885630498534,  
		0.28885630498534,  0.28862508183781,  0.28774574622472,  0.28686641061162,  
		0.28598707499853,  0.28510773938544,  0.28422840377235,  0.28334906815925,  
		0.28246973254616,  0.28152304118747,  0.28038368697911,  0.27918251798837,  
		0.27780363149831,  0.27642474500825,  0.27504585851818,  0.27352222807034,  
		0.27157817719552,  0.26973025398731,  0.26816297936899,  0.26679104656581,  
		0.26599236685858,  0.2657669402473,  0.26723249960245,  0.26880875323635,  
		0.27071322827814,  0.2727653534581,  0.27525755648177,  0.27729768793475,  
		0.27798337058027,  0.27869253268458,  0.27947240939422,  0.28024059241261,  
		0.28097337209019,  0.28170615176777,  0.28243893144535,  0.28317171112292,  
		0.2839044908005,  0.28469087429433,  0.2856421268963,  0.28678304619186,  
		0.28851041490396,  0.2903231932327,  0.29240146169509,  0.29447973015749,  
		0.29655799861988,  0.29863626708228,  0.30071453554467,  0.30314246991731,  
		0.30667483686014,  0.31011192976776,  0.31324647900439,  0.31698583305227,  
		0.32265610082128,  0.32775130880312,  0.33100064586314,  0.33444611946538,  
		0.33852457918112,  0.34255736906704,  0.34644196888274,  0.35032656869845,  
		0.35421116851415,  0.35811227998107,  0.3620675551909,  0.36561408083068,  
		0.36781241986342,  0.37151233409213,  0.38019215593283,  0.38798150183731,  
		0.39280133688667,  0.39777095673413,  0.40324283369182,  0.40807764497034,  
		0.41076440145889,  0.41345115794743,  0.41613791443597,  0.41882467092452,  
		0.42151142741306,  0.42419818390161,  0.42688494039015,  0.42957169687869,  
		0.43225845336724,  0.4351274543286,  0.4386283422394,  0.44167560853663,  
		0.44314116789179,  0.44460672724694,  0.44607228660209,  0.44753784595725,  
		0.4490034053124,  0.45046896466756,  0.45193452402271,  0.45340008337786,  
		0.45486564273302,  0.45633120208817,  0.45779676144333,  0.45931377289992,  
		0.4610164291009,  0.46268983864521,  0.46425711326353,  0.46578429792692,  
		0.46716515425482,  0.46854601058273,  0.46992686691064,  0.47130772323855,  
		0.47268857956645,  0.47419597437027,  0.47617336922749,  0.47799798575127,  
		0.47925180544592,  0.48050562514057,  0.48175944483523,  0.48301326452988,  
		0.48426708422454,  0.48557304417726,  0.4870772839846,  0.48870833072456,  
		0.49082447379639,  0.49297452370644,  0.49525505870008,  0.49766914460329,  
		0.5006002633136,  0.5035313820239,  0.50646250073421,  0.50939361944452,  
		0.51232473815483,  0.51525585686514,  0.51818697557544,  0.52111809428575,  
		0.52404921299606,  0.52698033170637,  0.52991145041667,  0.53308282737612,  
		0.53721877054164,  0.5411560011289,  0.54429055036553,  0.54742509960216,  
		0.5505596488388,  0.55391347132851,  0.55816402324126,  0.56212366536551,  
		0.56488621371011,  0.5676487620547,  0.5704113103993,  0.5766756181037,  
		0.59753058980728,  0.6157806216665,  0.62310841844227,  0.62903225806452,  
		0.62903225806452,  0.62945129629656,  0.63164963532929,  0.63384797436202,  
		0.63604631339475,  0.63824465242749,  0.64044299146022,  0.64274674941436,  
		0.64550677363774,  0.64821131560814,  0.65067417572263,  0.65313703583713,  
		0.65559989595163,  0.65806275606613,  0.66052561618063,  0.66298847629513,  
		0.66545133640962,  0.66791419652412,  0.67037705663862,  0.67298215439476,  
		0.67622732153832,  0.67941569595445,  0.68234681466476,  0.68527793337507,  
		0.68820905208538,  0.69114017079569,  0.69407128950599,  0.6970024082163,  
		0.69993352692661,  0.7028674972017,  0.70581473276708,  0.70862877977642,  
		0.71081906038161,  0.71304681639468,  0.71545127209625,  0.71760013131608,  
		0.71853562521531,  0.71900196161189,  0.71722588418222,  0.71535091049487,  
		0.71299999856739,  0.71064908663991,  0.70829817471244,  0.705757748735,  
		0.70229262489309,  0.69912558668136,  0.69742313104569,  0.69572067541002,  
		0.69401821977435,  0.69231576413868,  0.69061330850301,  0.68891085286734,  
		0.68720839723167,  0.68545950740833,  0.68347597382009,  0.68205886018736,  
		0.68352441954251,  0.68530897324411,  0.68872861173947,  0.69214825023483,  
		0.69556788873019,  0.6990640967288,  0.70295846614431,  0.70685559872434,  
		0.71076720422097,  0.71467880971761,  0.71859041521424,  0.72250202071088,  
		0.72641362620751,  0.73059883278035,  0.73624890971147,  0.74167077043424,  
		0.7458616899832,  0.74994932144459,  0.7534756893358,  0.75700205722701,  
		0.76052842511823,  0.7642202672655,  0.76882485276147,  0.77322391290757,  
		0.77648072639759,  0.77973753988761,  0.78299435337764,  0.78625116686766,  
		0.78950798035768,  0.79278913927894,  0.79620873300526,  0.79933799122384,  
		0.80080355057899,  0.80226910993414,  0.8037346692893,  0.8049853372434,  
		0.8049853372434,  0.8049853372434,  0.8049853372434,  0.8049853372434,  
		0.8049853372434,  0.8049853372434,  0.8049853372434,  0.8049853372434,  
		0.8049853372434,  0.80496432073834,  0.80481604567162,  0.80464451948134,  
		0.80433106455767,  0.80401760963401,  0.80370415471035,  0.80339069978668,  
		0.80307724486302,  0.80275504261998,  0.80237812310254,  0.80205278592375,  
		0.80205278592375,  0.80205278592375,  0.80205278592375,  0.80244818610168,  
		0.80537930481199,  0.80894718966587,  0.81663313877672,  0.82407987713774,  
		0.82996646891714,  0.8354125648334,  0.83796117684984,  0.84022765165104,  
		0.8406223355243,  0.8411694676567,  0.84273674227501,  0.84430401689333,  
		0.84587129151165,  0.84743856612996,  0.84900584074828,  0.85065749647686,  
		0.85288878552442,  0.85517545181995,  0.85784589532238,  0.8605163388248,  
		0.86318678232723,  0.86585722582965,  0.86852766933208,  0.8711981128345,  
		0.87386855633692,  0.87653899983935,  0.87920944334177,  0.88189182525537,  
		0.88466076064994,  0.8875373015657,  0.89120119995358,  0.89490080574417,  
		0.89886411948418,  0.90269354073368,  0.90552485432661,  0.90801444227807,  
		0.90793254477745,  0.90791243650968,  0.90836171871668,  0.90881100092369,  
		0.9092602831307,  0.90975975707902,  0.91064789528062,  0.91155380331515,  
		0.9125986530607,  0.91368875673668,  0.91513616970685,  0.91658560485483,  
		0.91805116420998,  0.91967860842059,  0.9226097271309,  0.92540713563611,  
		0.92711695488379,  0.92882677413147,  0.93053659337915,  0.93224641262683,  
		0.93395623187451,  0.93566605112219,  0.93737587036987,  0.93908568961755,  
		0.94079550886523,  0.94253276807834,  0.94450493391147,  0.94645577506398,  
		0.94822213761156,  0.94998850015914,  0.95175486270672,  0.9535212252543,  
		0.95528758780189,  0.95711604619215,  0.95949914706074,  0.96187539603403,  
		0.96418977642333,  0.96637865875399,  0.96742190534147,  0.96846515192894,  
		0.96950839851641,  0.97055164510389,  0.97159489169136,  0.97263813827883,  
		0.97368138486631,  0.97472463145378,  0.97576787804125,  0.97681112462873,  
		0.9778543712162,  0.9788999459689,  0.97996826321983,  0.98100574906128,  
		0.98173852873886,  0.98247130841644,  0.98320408809401,  0.98393686777159,  
		0.98466964744917,  0.98540793875158,  0.98620267878313,  0.98695048090308,  
		0.98721169333946,  0.98747290577585,  0.98773411821224,  0.98799533064862,  
		0.98825654308501,  0.9885177555214,  0.98877896795778,  0.98904837997037,  
		0.98940712922601,  0.98973607038123,  0.98973607038123,  0.98973607038123,  
		0.98973607038123,  0.98973607038123,  0.98973607038123,  0.98961859641532,  
		0.98815303706017,  0.98680351906158,  0.98680351906158,  0.98680351906158,  
		0.98680351906158,  0.98680351906158,  0.98680351906158,  0.98680351906158,  
		0.98680351906158,  0.98680351906158,  0.98680351906158,  0.98680351906158,  
		0.98680351906158,  0.98680351906158,  0.98680351906158,  0.98680351906158,  
		0.98680351906158,  0.98680351906158,  0.98680351906158,  0.98680351906158,  
		0.98680351906158,  0.98680351906158,  0.98680351906158,  0.98680351906158,  
		0.98680351906158,  0.98680351906158,  0.98680351906158,  0.98680351906158,  
		0.98680351906158,  0.98680351906158,  0.98680351906158,  0.98680351906158,  
		0.98680351906158,  0.98680351906158,  0.98680351906158,  0.98680351906158,  
		0.98680351906158,  0.98680351906158,  0.98680351906158,  0.98680351906158,  
		0.98680351906158,  0.98680351906158,  0.98680351906158,  0.98680351906158,  
		0.98680351906158,  0.98680351906158,  0.98680351906158,  0.98680351906158,  
		0.98680351906158,  0.98672186032918,  0.98525630097403,  0.98379074161888,  
		0.98232518226372,  0.98062324236741,  0.9747610049468,  0.96913085023932,  
		0.96766529088416,  0.96619973152901,  0.96473417217386,  0.96330586066155,  
		0.96257308098397,  0.96183812298398,  0.96106164872153,  0.96025363044598,  
		0.95883176567571,  0.9574780058651,  0.9574780058651,  0.9574780058651,  
		0.9574780058651,  0.9574780058651,  0.9574780058651,  0.9574780058651,  
		0.9574780058651,  0.9574780058651,  0.9574780058651,  0.9574780058651,  
		0.9574780058651,  0.9574780058651,  0.9574780058651,  0.95750393672434,  
		0.95813553836726,  0.95877525007747,  0.95960920778971,  0.96041055718475,  
		0.96041055718475,  0.96041055718475,  0.96041055718475,  0.96041055718475,  
		0.96041055718475,  0.96041055718475,  0.96041055718475,  0.96041055718475,  
		0.96041055718475,  0.96041055718475,  0.96041055718475,  0.96041055718475,  
		0.96041055718475,  0.96041055718475,  0.96041055718475,  0.96041055718475,  
		0.96041055718475,  0.96041426894531,  0.96053675704391,  0.96066484534266,  
		0.96097830026632,  0.96129175518999,  0.96160521011365,  0.96191866503731,  
		0.96223211996098,  0.96254793049771,  0.96295063698328,  0.96335907186562,  
		0.96398716873211,  0.96461526559861,  0.9652433624651,  0.9658714593316,  
		0.96649955619809,  0.96712765306459,  0.96775574993108,  0.96838384679758,  
		0.96901194366407,  0.96964004053056,  0.97026813739706,  0.97089796609172,  
		0.97161464596909,  0.97232771798226,  0.97285014285503,  0.9733725677278,  
		0.97389499260057,  0.97441741747335,  0.97493984234612,  0.97546226721889,  
		0.97598469209166,  0.97651049542977,  0.97726333163811,  0.97801063600333,  
		0.97835925253249,  0.97870786906165,  0.97905648559081,  0.97940510211997,  
		0.97975371864913,  0.98010309962172,  0.98052280938939,  0.98094538166247,  
		0.98165792573311,  0.98237082585549,  0.98312384114,  0.98387096774194,  
		0.98387096774194,  0.98387180588142,  0.98399429398002,  0.98412394092411,  
		0.98546701218067,  0.98680351906158,  0.98680351906158,  0.98680351906158,  
		0.98680351906158,  0.98681887497424,  0.9920552411893,  0.9972838274814,  
		0.99854076310137,  0.99979656947367,  0.99989828473684,  1.0 ]
];
prUnarchive(o,p);
