var o, p;
o = [
	Array.prNew(2048)
];
p = [
	// Array
	0, [ 9.9795361527967,  9.9768769523297,  9.9742177518626,  9.9715585513955,  
		9.9688993509285,  9.9662401504614,  9.958955673994,  9.9509780725928,  
		9.9430004711917,  9.9350228697905,  9.9270452683893,  9.9171015914548,  
		9.9064647895866,  9.8958279877184,  9.8851911858501,  9.8745543839819,  
		9.8654552400919,  9.8573432346571,  9.8492312292223,  9.8411192237875,  
		9.8330072183527,  9.8223445261902,  9.8089041228271,  9.7954637194639,  
		9.7820233161007,  9.7685829127376,  9.7557045723496,  9.7438775727786,  
		9.7320505732076,  9.7202235736366,  9.7083965740655,  9.6948300974973,  
		9.6750254965251,  9.6552208955529,  9.6354162945807,  9.6156116936085,  
		9.5967616789184,  9.5878393615618,  9.5789170442052,  9.5699947268486,  
		9.561072409492,  9.5521500921355,  9.534853099782,  9.517183412468,  
		9.499513725154,  9.48184403784,  9.464174350526,  9.4523213353852,  
		9.4416845335169,  9.4310477316487,  9.4204109297804,  9.4097741279122,  
		9.3972845497787,  9.3839885474434,  9.3706925451081,  9.3573965427728,  
		9.3441005404375,  9.3308045381022,  9.3175085357669,  9.3042125334316,  
		9.2909165310963,  9.277620528761,  9.2654841777572,  9.254847375889,  
		9.2442105740207,  9.2335737721525,  9.2229369702843,  9.2115227413437,  
		9.1983433706079,  9.185163999872,  9.1719846291361,  9.1588052584003,  
		9.1451184378984,  9.1290466034967,  9.1129747690949,  9.0969029346931,  
		9.0808311002913,  9.0645245996037,  9.0432509958672,  9.0219773921308,  
		9.0007037883943,  8.9794301846578,  8.9581565809213,  8.9344503752538,  
		8.9105175710503,  8.8865847668468,  8.8626519626432,  8.8387191584397,  
		8.8225292726481,  8.808466834088,  8.7944043955279,  8.7803419569677,  
		8.7662795184076,  8.739303969908,  8.705500800061,  8.6716976302141,  
		8.6378944603672,  8.6040912905202,  8.5768512267312,  8.5555776229947,  
		8.5343040192582,  8.5130304155217,  8.4917568117853,  8.4715295601123,  
		8.4529151568428,  8.4343007535734,  8.415686350304,  8.3970719470346,  
		8.3742588061856,  8.3396892001138,  8.3051195940421,  8.2705499879703,  
		8.2359803818985,  8.1982317316593,  8.139729321384,  8.0812269111087,  
		8.0227245008334,  7.9642220905581,  7.9057996562367,  7.8792076515661,  
		7.8526156468955,  7.8260236422249,  7.7994316375543,  7.7728396328837,  
		7.7452841584978,  7.7175874859641,  7.6898908134303,  7.6621941408965,  
		7.6344974683627,  7.5985761008007,  7.559792761658,  7.5210094225153,  
		7.4822260833726,  7.4434427442299,  7.3996820377894,  7.3527594791721,  
		7.3058369205547,  7.2589143619373,  7.2119918033199,  7.1662419581051,  
		7.1217564445273,  7.0772709309495,  7.0327854173716,  6.9882999037938,  
		6.9467080620957,  6.9104695133749,  6.8742309646541,  6.8379924159333,  
		6.8017538672125,  6.7652980181904,  6.7280742101486,  6.6908504021069,  
		6.6536265940652,  6.6164027860235,  6.5782188155428,  6.5303532071357,  
		6.4824875987286,  6.4346219903216,  6.3867563819145,  6.3388907735074,  
		6.3216559554427,  6.3057007526404,  6.289745549838,  6.2737903470357,  
		6.2578351442333,  6.2387077748949,  6.2189287217969,  6.1991496686989,  
		6.1793706156008,  6.1595915625028,  6.1321440631712,  6.1013983073951,  
		6.070652551619,  6.0399067958429,  6.0091610400668,  5.9822913244085,  
		5.9583585202049,  5.9344257160014,  5.9104929117979,  5.8865601075943,  
		5.8689601946231,  5.8594663824293,  5.8499725702355,  5.8404787580417,  
		5.8309849458479,  5.8158679120887,  5.7881329177437,  5.7603979233986,  
		5.7326629290536,  5.7049279347086,  5.6778695205642,  5.6539367163606,  
		5.6300039121571,  5.6060711079535,  5.58213830375,  5.5576989851718,  
		5.5231293791,  5.4885597730282,  5.4539901669565,  5.4194205608847,  
		5.3848509548129,  5.3454028155535,  5.3055148085476,  5.2656268015417,  
		5.2257387945358,  5.1858507875299,  5.1543335970318,  5.1250823918942,  
		5.0958311867565,  5.0665799816189,  5.0373287764812,  5.0028391463633,  
		4.9656103398245,  4.9283815332857,  4.8911527267468,  4.853923920208,  
		4.8236930096351,  4.7997602054316,  4.775827401228,  4.7518945970245,  
		4.727961792821,  4.7071880387963,  4.691232835994,  4.6752776331916,  
		4.6593224303893,  4.6433672275869,  4.623173299228,  4.5912628936233,  
		4.5593524880186,  4.5274420824139,  4.4955316768092,  4.4661405137522,  
		4.4528445114169,  4.4395485090816,  4.4262525067463,  4.412956504411,  
		4.3996516158586,  4.3845828132119,  4.3695140105653,  4.3544452079186,  
		4.3393764052719,  4.3243076026253,  4.3092387999786,  4.2941699973319,  
		4.2791011946852,  4.2640323920386,  4.2489635893919,  4.2300965866321,  
		4.2099251515103,  4.1897537163885,  4.1695822812666,  4.1494108461448,  
		4.1328688487459,  4.1186082122016,  4.1043475756572,  4.0900869391128,  
		4.0758263025685,  4.060836546938,  4.0450685605732,  4.0293005742084,  
		4.0135325878435,  3.9977646014787,  3.9819966151139,  3.966228628749,  
		3.9504606423842,  3.9346926560194,  3.9189246696546,  3.9031566832897,  
		3.8873886969249,  3.8716207105601,  3.8558527241953,  3.8400847378304,  
		3.8236956349565,  3.8012296624528,  3.7787636899492,  3.7562977174455,  
		3.7338317449418,  3.7113657724382,  3.6951139975717,  3.6791049648003,  
		3.663095932029,  3.6470868992577,  3.6310778664864,  3.6160017631622,  
		3.6011139317445,  3.5862261003269,  3.5713382689092,  3.5564504374915,  
		3.5415626060739,  3.5266747746562,  3.5117869432386,  3.4968991118209,  
		3.4820112804032,  3.4671234489856,  3.4522356175679,  3.4373477861502,  
		3.4224599547326,  3.4075721233149,  3.3914332934405,  3.3737093916577,  
		3.355985489875,  3.3382615880922,  3.3205376863094,  3.3047587942996,  
		3.293293432028,  3.2818280697565,  3.2703627074849,  3.2588973452134,  
		3.2462914450902,  3.2285056022241,  3.210719759358,  3.1929339164919,  
		3.1751480736258,  3.1578289671432,  3.1493545151284,  3.1408800631137,  
		3.1324056110989,  3.1239311590841,  3.1154567070694,  3.0981125359186,  
		3.0799949832628,  3.0618774306069,  3.0437598779511,  3.0256423252952,  
		3.0134306285244,  3.0027938266561,  2.9921570247879,  2.9815202229196,  
		2.9708834210514,  2.9584938128603,  2.945197810525,  2.9319018081897,  
		2.9186058058544,  2.9053098035191,  2.8920138011838,  2.8787177988485,  
		2.8654217965132,  2.8521257941779,  2.8388297918426,  2.8277478773554,  
		2.8200079822617,  2.8122680871679,  2.8045281920741,  2.7967882969804,  
		2.7874946724386,  2.7739609637959,  2.7604272551532,  2.7468935465105,  
		2.7333598378678,  2.7194923393033,  2.703537136501,  2.6875819336986,  
		2.6716267308962,  2.6556715280939,  2.639778547185,  2.6320988562121,  
		2.6244191652392,  2.6167394742662,  2.6090597832933,  2.6013800923204,  
		2.5931777514734,  2.5849022396439,  2.5766267278145,  2.568351215985,  
		2.5600757041556,  2.5480505528005,  2.5347545504652,  2.5214585481299,  
		2.5081625457946,  2.4948665434593,  2.4856693087612,  2.4790213075935,  
		2.4723733064259,  2.4657253052582,  2.4590773040906,  2.4472575245709,  
		2.4299727215351,  2.4126879184992,  2.3954031154633,  2.3781183124274,  
		2.3641458468154,  2.3561682454142,  2.348190644013,  2.3402130426119,  
		2.3322354412107,  2.3242578398095,  2.3162802384083,  2.3083026370071,  
		2.300325035606,  2.2923474342048,  2.2843668707312,  2.2763581675702,  
		2.2683494644092,  2.2603407612482,  2.2523320580871,  2.2443233549261,  
		2.2337380385525,  2.2230590271531,  2.2123800157536,  2.2017010043542,  
		2.1910219929547,  2.1847139731082,  2.1792722759118,  2.1738305787154,  
		2.1683888815191,  2.1629471843227,  2.1567251661873,  2.1501754687963,  
		2.1436257714053,  2.1370760740143,  2.1305263766233,  2.1207827356182,  
		2.1086680447686,  2.096553353919,  2.0844386630694,  2.0723239722198,  
		2.0632788722309,  2.0580837675591,  2.0528886628872,  2.0476935582154,  
		2.0424984535435,  2.0371757243368,  2.0315732421498,  2.0259707599628,  
		2.0203682777757,  2.0147657955887,  2.0088033005094,  2.0012330766234,  
		1.9936628527374,  1.9860926288513,  1.9785224049653,  1.9709307401575,  
		1.9629531387563,  1.9549755373551,  1.9469979359539,  1.9390203345527,  
		1.9310427331516,  1.9279703235894,  1.9253111231223,  1.9226519226553,  
		1.9199927221882,  1.9173335217211,  1.9118636375109,  1.9056555040897,  
		1.8994473706685,  1.8932392372473,  1.8870311038261,  1.8803966992387,  
		1.8735443150778,  1.8666919309168,  1.8598395467559,  1.852987162595,  
		1.8469191374238,  1.8415429760785,  1.8361668147333,  1.830790653388,  
		1.8254144920427,  1.8199110506706,  1.8142174847583,  1.808523918846,  
		1.8028303529337,  1.7971367870214,  1.7908784285174,  1.7830982677524,  
		1.7753181069874,  1.7675379462224,  1.7597577854574,  1.7523231348441,  
		1.74700473391,  1.7416863329759,  1.7363679320418,  1.7310495311076,  
		1.7256778128709,  1.7150410110027,  1.7044042091345,  1.6937674072662,  
		1.683130605398,  1.6724938035297,  1.6665355949644,  1.6612171940303,  
		1.6558987930962,  1.6505803921621,  1.645261991228,  1.6339653877401,  
		1.6206693854048,  1.6073733830695,  1.5940773807342,  1.5807813783989,  
		1.570777719499,  1.5628001180978,  1.5548225166966,  1.5468449152955,  
		1.5388673138943,  1.5295901032423,  1.5189533013741,  1.5083164995058,  
		1.4976796976376,  1.4870428957693,  1.478312187469,  1.4729937865348,  
		1.4676753856007,  1.4623569846666,  1.4570385837325,  1.4511136984813,  
		1.4431360970801,  1.435158495679,  1.4271808942778,  1.4192032928766,  
		1.4125253007262,  1.4178437016604,  1.4231621025945,  1.4284805035286,  
		1.4337989044627,  1.4391173053968,  1.4418631464806,  1.4445223469477,  
		1.4471815474147,  1.4498407478818,  1.4524999483489,  1.4551591488159,  
		1.457818349283,  1.46047754975,  1.4631367502171,  1.4657959506842,  
		1.4684551511512,  1.4711143516183,  1.4737735520853,  1.4764327525524,  
		1.4790919530195,  1.4826590954805,  1.4868933779285,  1.4911276603765,  
		1.4953619428244,  1.4995962252724,  1.5039756993766,  1.5085354395258,  
		1.513095179675,  1.5176549198243,  1.5222146599735,  1.5267172243312,  
		1.531095907807,  1.5354745912828,  1.5398532747587,  1.5442319582345,  
		1.5490509855041,  1.5558039551112,  1.5625569247184,  1.5693098943255,  
		1.5760628639327,  1.5826665008285,  1.5867111180802,  1.590755735332,  
		1.5948003525837,  1.5988449698355,  1.6028895870872,  1.6105368053674,  
		1.6184769180402,  1.626417030713,  1.6343571433858,  1.6422972560586,  
		1.6449854077207,  1.6463150079543,  1.6476446081878,  1.6489742084213,  
		1.6503038086549,  1.652619390632,  1.6554335445098,  1.6582476983875,  
		1.6610618522652,  1.663876006143,  1.6669209740813,  1.6701674979597,  
		1.6734140218382,  1.6766605457167,  1.6799070695952,  1.6843045924359,  
		1.6904035920034,  1.6965025915708,  1.7026015911383,  1.7087005907058,  
		1.7138334960338,  1.7163960588899,  1.718958621746,  1.7215211846021,  
		1.7240837474582,  1.7270965320905,  1.7328106473798,  1.7385247626691,  
		1.7442388779585,  1.7499529932478,  1.7556893032006,  1.7631745526356,  
		1.7706598020706,  1.7781450515056,  1.7856303009406,  1.7931155503756,  
		1.7955362573868,  1.7972807328812,  1.7990252083756,  1.8007696838699,  
		1.8025141593643,  1.8063231770269,  1.8108134936051,  1.8153038101832,  
		1.8197941267614,  1.8242844433395,  1.8302373889369,  1.8370808868808,  
		1.8439243848246,  1.8507678827685,  1.8576113807123,  1.8637340817305,  
		1.8691102430758,  1.8744864044211,  1.8798625657663,  1.8852387271116,  
		1.8903841808806,  1.8951210899833,  1.8998579990859,  1.9045949081886,  
		1.9093318172912,  1.9140518225373,  1.9187154203489,  1.9233790181605,  
		1.9280426159721,  1.9327062137837,  1.9378420171543,  1.9472158654173,  
		1.9565897136802,  1.9659635619432,  1.9753374102061,  1.9847112584691,  
		1.9901516277439,  1.995470028678,  2.0007884296122,  2.0061068305463,  
		2.0114252314804,  2.0167436324145,  2.0220620333486,  2.0273804342828,  
		2.0326988352169,  2.038017236151,  2.0452217366645,  2.0531993380657,  
		2.0611769394669,  2.069154540868,  2.0771321422692,  2.0830126548968,  
		2.0873680120528,  2.0917233692087,  2.0960787263647,  2.1004340835206,  
		2.1068464997147,  2.115787144894,  2.1247277900734,  2.1336684352527,  
		2.1426090804321,  2.15124319288,  2.1592207942812,  2.1671983956824,  
		2.1751759970835,  2.1831535984847,  2.190631350174,  2.1959497511082,  
		2.2012681520423,  2.2065865529764,  2.2119049539105,  2.217187818328,  
		2.2218897379508,  2.2265916575736,  2.2312935771965,  2.2359954968193,  
		2.2406974164421,  2.249008610108,  2.2576026928204,  2.2661967755329,  
		2.2747908582454,  2.2833849409578,  2.2914876927004,  2.2994652941016,  
		2.3074428955028,  2.3154204969039,  2.3233980983051,  2.3311379933989,  
		2.3387590353389,  2.346380077279,  2.354001119219,  2.3616221611591,  
		2.3710519157541,  2.3820452770834,  2.3930386384128,  2.4040319997422,  
		2.4150253610715,  2.4247942785203,  2.4327718799214,  2.4407494813226,  
		2.4487270827238,  2.456704684125,  2.4661485113476,  2.4794445136829,  
		2.4927405160182,  2.5060365183535,  2.5193325206888,  2.5314688716926,  
		2.5367872726267,  2.5421056735608,  2.5474240744949,  2.5527424754291,  
		2.5581408523171,  2.5687776541853,  2.5794144560535,  2.5900512579218,  
		2.60068805979,  2.6113248616583,  2.6219616635265,  2.6325984653947,  
		2.643235267263,  2.6538720691312,  2.6645088709995,  2.673328149161,  
		2.6815556754182,  2.6897832016753,  2.6980107279324,  2.7062382541895,  
		2.7137407018788,  2.7208063552501,  2.7278720086214,  2.7349376619928,  
		2.7420033153641,  2.7524719695153,  2.7664299950245,  2.7803880205337,  
		2.7943460460429,  2.8083040715522,  2.8193539871669,  2.8253096964836,  
		2.8312654058003,  2.8372211151171,  2.8431768244338,  2.8506948835529,  
		2.8633535775056,  2.8760122714583,  2.8886709654109,  2.9013296593636,  
		2.9135775348975,  2.9222382642382,  2.930898993579,  2.9395597229197,  
		2.9482204522604,  2.9568811816011,  2.9657104149984,  2.9745444255725,  
		2.9833784361467,  2.9922124467208,  3.001046457295,  3.0142468743345,  
		3.0282659925863,  3.0422851108381,  3.0563042290899,  3.0703233473416,  
		3.0841100208619,  3.0978025706353,  3.1114951204087,  3.125187670182,  
		3.1388802199554,  3.1507959940045,  3.1614327958727,  3.1720695977409,  
		3.1827063996092,  3.1933432014774,  3.2039800033457,  3.2146168052139,  
		3.2252536070821,  3.2358904089504,  3.2465272108186,  3.2578072055436,  
		3.2704489601449,  3.2830907147463,  3.2957324693476,  3.3083742239489,  
		3.3227847589063,  3.3447126103767,  3.3666404618472,  3.3885683133176,  
		3.410496164788,  3.4320647591957,  3.4480199619981,  3.4639751648005,  
		3.4799303676028,  3.4958855704052,  3.5118407732075,  3.5242915910651,  
		3.5364779270401,  3.5486642630151,  3.5608505989901,  3.5730369349651,  
		3.5933757069923,  3.6157589770891,  3.6381422471859,  3.6605255172827,  
		3.6829087873795,  3.6992111038614,  3.7125071061967,  3.725803108532,  
		3.7390991108673,  3.7523951132026,  3.7710324781007,  3.7942410556106,  
		3.8174496331205,  3.8406582106304,  3.8638667881404,  3.8887534297562,  
		3.9160696611204,  3.9433858924846,  3.9707021238488,  3.998018355213,  
		4.0517651026258,  4.1740883241105,  4.2964115455953,  4.41873476708,  
		4.5410579885648,  4.6519779719564,  4.6971843798964,  4.7423907878365,  
		4.7875971957765,  4.8328036037165,  4.8777300958179,  4.9069813009555,  
		4.9362325060932,  4.9654837112308,  4.9947349163685,  5.0239861215061,  
		5.0532373266438,  5.0824885317814,  5.1117397369191,  5.1409909420568,  
		5.1702421471944,  5.1833915269476,  5.1913691283487,  5.1993467297499,  
		5.2073243311511,  5.2153019325523,  5.2216133682473,  5.2269317691814,  
		5.2322501701155,  5.2375685710496,  5.2428869719838,  5.2475455712982,  
		5.2515343719988,  5.2555231726994,  5.2595119734,  5.2635007741006,  
		5.269435656346,  5.2787428579807,  5.2880500596154,  5.2973572612501,  
		5.3066644628848,  5.3148244293936,  5.3192619840578,  5.3236995387219,  
		5.328137093386,  5.3325746480501,  5.3371976440342,  5.3433968912383,  
		5.3495961384425,  5.3557953856466,  5.3619946328507,  5.3681938800548,  
		5.3745328262753,  5.3808753637302,  5.387217901185,  5.3935604386399,  
		5.3999029760947,  5.4093283571787,  5.4193209083072,  5.4293134594357,  
		5.4393060105643,  5.4492985616928,  5.4670776605548,  5.4879713785103,  
		5.5088650964658,  5.5297588144212,  5.5506525323767,  5.5659808392881,  
		5.5773440894043,  5.5887073395204,  5.6000705896365,  5.6114338397527,  
		5.6269632223811,  5.6475103778697,  5.6680575333583,  5.6886046888469,  
		5.7091518443354,  5.7256351590289,  5.73361276043,  5.7415903618312,  
		5.7495679632324,  5.7575455646336,  5.7665495241098,  5.779845526445,  
		5.7931415287803,  5.8064375311156,  5.8197335334509,  5.8328111386273,  
		5.8426215223052,  5.8524319059832,  5.8622422896612,  5.8720526733392,  
		5.8818630570171,  5.8942044758543,  5.9067295988562,  5.9192547218581,  
		5.93177984486,  5.9443049678619,  5.9551722211874,  5.9656301879365,  
		5.9760881546856,  5.9865461214347,  5.9970040881838,  6.0064636054815,  
		6.0154350747264,  6.0244065439713,  6.0333780132162,  6.0423494824611,  
		6.052159496576,  6.0626799445391,  6.0732003925022,  6.0837208404653,  
		6.0942412884284,  6.1063534187836,  6.1207463135421,  6.1351392083007,  
		6.1495321030592,  6.1639249978177,  6.1782994965479,  6.1926268554553,  
		6.2069542143627,  6.2212815732701,  6.2356089321775,  6.2499961728299,  
		6.2647217453411,  6.2794473178523,  6.2941728903635,  6.3088984628747,  
		6.3234887377195,  6.3314663391207,  6.3394439405219,  6.3474215419231,  
		6.3553991433242,  6.3633767447254,  6.3726796368789,  6.3821467904214,  
		6.3916139439639,  6.4010810975064,  6.4105482510489,  6.4238112557867,  
		6.4382769064477,  6.4527425571088,  6.4672082077698,  6.4816738584308,  
		6.4903852241759,  6.49570362511,  6.5010220260442,  6.5063404269783,  
		6.5116588279124,  6.5209560325529,  6.5342520348882,  6.5475480372235,  
		6.5608440395588,  6.5741400418941,  6.5864563387941,  6.5970931406624,  
		6.6077299425306,  6.6183667443989,  6.6290035462671,  6.637565575125,  
		6.6394883303499,  6.6414110855749,  6.6433338407998,  6.6452565960247,  
		6.647911244811,  6.6566252914543,  6.6653393380977,  6.674053384741,  
		6.6827674313843,  6.6914814780276,  6.6994756909756,  6.7074532923768,  
		6.7154308937779,  6.7234084951791,  6.7313860965803,  6.7371110419467,  
		6.7424294428808,  6.747747843815,  6.7530662447491,  6.7583846456832,  
		6.7637030466173,  6.7690214475514,  6.7743398484856,  6.7796582494197,  
		6.7849766503538,  6.7902950512879,  6.795613452222,  6.8009318531562,  
		6.8062502540903,  6.8115686550244,  6.8168870559585,  6.8222054568926,  
		6.8275238578267,  6.8328422587609,  6.838160659695,  6.8426126544619,  
		6.845271854929,  6.847931055396,  6.8505902558631,  6.8532494563301,  
		6.8569483441978,  6.864925945599,  6.8729035470002,  6.8808811484014,  
		6.8888587498026,  6.8966630699703,  6.9019814709044,  6.9072998718385,  
		6.9126182727727,  6.9179366737068,  6.9232550746409,  6.9310593948086,  
		6.9390369962098,  6.947014597611,  6.9549921990122,  6.9629698004133,  
		6.9623899747476,  6.9597307742805,  6.9570715738135,  6.9544123733464,  
		6.9517531728794,  6.9473011781124,  6.9419827771783,  6.9366643762442,  
		6.9313459753101,  6.926027574376,  6.9221554052748,  6.9194962048078,  
		6.9168370043407,  6.9141778038736,  6.9115186034066,  6.9088594029395,  
		6.9062002024725,  6.9035410020054,  6.9008818015383,  6.8982226010713,  
		6.8949550009622,  6.8901475575113,  6.8853401140604,  6.8805326706095,  
		6.8757252271586,  6.8708308368617,  6.8654546755165,  6.8600785141712,  
		6.8547023528259,  6.8493261914806,  6.8439244989646,  6.8374164557163,  
		6.830908412468,  6.8244003692196,  6.8178923259713,  6.811384282723,  
		6.7994768937885,  6.7869173366954,  6.7743577796022,  6.761798222509,  
		6.7492386654159,  6.7391304347826,  6.7297882436681,  6.7204460525535,  
		6.711103861439,  6.7017616703245,  6.6874251913521,  6.6701753777961,  
		6.65292556424,  6.6356757506839,  6.6184259371279,  6.6047381269487,  
		6.5945945101295,  6.5844508933103,  6.5743072764911,  6.5641636596719,  
		6.552017019364,  6.5364733594911,  6.5209296996182,  6.5053860397453,  
		6.4898423798723,  6.4740173008533,  6.4573039926547,  6.440590684456,  
		6.4238773762573,  6.4071640680587,  6.3905181915488,  6.3744163661643,  
		6.3583145407798,  6.3422127153953,  6.3261108900108,  6.3100090646263,  
		6.2973948121987,  6.2848519167626,  6.2723090213265,  6.2597661258904,  
		6.2472232304543,  6.2334006195354,  6.2193515103009,  6.2053024010664,  
		6.1912532918319,  6.1772041825974,  6.1560457489115,  6.132112944708,  
		6.1081801405044,  6.0842473363009,  6.0603145320973,  6.042646510949,  
		6.0293505086137,  6.0160545062784,  6.0027585039431,  5.9894625016078,  
		5.9737272326787,  5.9551128294093,  5.9364984261399,  5.9178840228705,  
		5.899269619601,  5.8815282871617,  5.8655730843593,  5.8496178815569,  
		5.8336626787546,  5.8177074759522,  5.8006992564236,  5.7794256526871,  
		5.7581520489506,  5.7368784452141,  5.7156048414777,  5.6936114541561,  
		5.6617010485514,  5.6297906429467,  5.597880237342,  5.5659698317373,  
		5.5340594261325,  5.5021490205278,  5.4702386149231,  5.4383282093184,  
		5.4064178037137,  5.374507398109,  5.3447430139338,  5.3154918087962,  
		5.2862406036585,  5.2569893985208,  5.2277381933832,  5.2020859061709,  
		5.1781531019673,  5.1542202977638,  5.1302874935603,  5.1063546893567,  
		5.0853276781448,  5.0667132748754,  5.0480988716059,  5.0294844683365,  
		5.0108700650671,  4.9911493277688,  4.9698757240323,  4.9486021202958,  
		4.9273285165594,  4.9060549128229,  4.8847813090864,  4.8635077053499,  
		4.8422341016134,  4.820960497877,  4.7996868941405,  4.7800661267845,  
		4.7694293249163,  4.7587925230481,  4.7481557211798,  4.7375189193116,  
		4.7265488843021,  4.7026160800986,  4.678683275895,  4.6547504716915,  
		4.630817667488,  4.6068848632844,  4.5945682156126,  4.5836181745916,  
		4.5726681335706,  4.5617180925496,  4.5507680515286,  4.5362314531099,  
		4.5205894894603,  4.5049475258107,  4.4893055621611,  4.4736635985115,  
		4.4590908037911,  4.4451349998361,  4.4311791958812,  4.4172233919262,  
		4.4032675879713,  4.3846181576394,  4.3613451550555,  4.3380721524716,  
		4.3147991498877,  4.2915261473038,  4.270985856919,  4.2550306541167,  
		4.2390754513143,  4.2231202485119,  4.2071650457096,  4.1916173310825,  
		4.1773382909806,  4.1630592508786,  4.1487802107767,  4.1345011706748,  
		4.1201768434373,  4.1054962574001,  4.090815671363,  4.0761350853259,  
		4.0614544992887,  4.0467739132516,  4.0215885714144,  3.9962156446521,  
		3.9708427178899,  3.9454697911276,  3.9200968643654,  3.9000136030946,  
		3.880848254365,  3.8616829056354,  3.8425175569059,  3.8233522081763,  
		3.8050812271316,  3.7871549502988,  3.7692286734661,  3.7513023966333,  
		3.7333761198005,  3.7144308343956,  3.6947817422227,  3.6751326500497,  
		3.6554835578768,  3.6358344657038,  3.618305490349,  3.6032538254068,  
		3.5882021604645,  3.5731504955222,  3.55809883058,  3.5438169735663,  
		3.5310922280445,  3.5183674825228,  3.505642737001,  3.4929179914793,  
		3.4797816737971,  3.4650042121254,  3.4502267504536,  3.4354492887818,  
		3.4206718271101,  3.4055825460759,  3.3863616584894,  3.367140770903,  
		3.3479198833165,  3.32869899573,  3.3094781081436,  3.2995745945719,  
		3.2902673929372,  3.2809601913025,  3.2716529896678,  3.2623457880331,  
		3.2511651020736,  3.239543596273,  3.2279220904724,  3.2163005846718,  
		3.2046790788712,  3.1916860055054,  3.1780451068689,  3.1644042082325,  
		3.150763309596,  3.1371224109595,  3.1222112551493,  3.1062560523469,  
		3.0903008495446,  3.0743456467422,  3.0583904439399,  3.0433461426984,  
		3.0295672855414,  3.0157884283845,  3.0020095712275,  2.9882307140706,  
		2.9739637580546,  2.9584914100739,  2.9430190620932,  2.9275467141125,  
		2.9120743661318,  2.897365525432,  2.8867287235638,  2.8760919216955,  
		2.8654551198273,  2.8548183179591,  2.8438882709265,  2.8226146671901,  
		2.8013410634536,  2.7800674597171,  2.7587938559806,  2.7375202522442,  
		2.7260942206702,  2.7157959836734,  2.7054977466767,  2.6951995096799,  
		2.6849012726832,  2.6740837331768,  2.663108366437,  2.6521329996973,  
		2.6411576329576,  2.6301822662178,  2.6160367782753,  2.600081575473,  
		2.5841263726706,  2.5681711698683,  2.5522159670659,  2.534914502373,  
		2.5163000991035,  2.4976856958341,  2.4790712925647,  2.4604568892953,  
		2.4444338121636,  2.4327123364207,  2.4209908606777,  2.4092693849348,  
		2.3975479091918,  2.3857061187463,  2.3734947902857,  2.3612834618251,  
		2.3490721333645,  2.336860804904,  2.3248902411462,  2.3147672847817,  
		2.3046443284173,  2.2945213720528,  2.2843984156884,  2.2742754593239,  
		2.2552826284817,  2.2361543797085,  2.2170261309353,  2.1978978821621,  
		2.1787696333889,  2.1691711358785,  2.1611935344773,  2.1532159330761,  
		2.1452383316749,  2.1372607302738,  2.1257471410655,  2.1128876741452,  
		2.100028207225,  2.0871687403047,  2.0743092733844,  2.0611047389529,  
		2.0476643355898,  2.0342239322266,  2.0207835288634,  2.0073431255003,  
		1.9943822076014,  1.9819759377532,  1.969569667905,  1.9571633980568,  
		1.9447571282086,  1.9325478361728,  1.9207324997617,  1.9089171633507,  
		1.8971018269396,  1.8852864905285,  1.8734183316535,  1.861342795698,  
		1.8492672597425,  1.837191723787,  1.8251161878314,  1.8131473407672,  
		1.8025396967988,  1.7919320528305,  1.7813244088621,  1.7707167648937,  
		1.7601091209253,  1.74077552913,  1.7209081692495,  1.7010408093691,  
		1.6811734494886,  1.6613060896082,  1.6523040343214,  1.6458170958386,  
		1.6393301573559,  1.6328432188732,  1.6263562803905,  1.6169178439169,  
		1.6061013183078,  1.5952847926987,  1.5844682670896,  1.5736517414805,  
		1.5640391256865,  1.5554060546965,  1.5467729837065,  1.5381399127165,  
		1.5295068417265,  1.5182102440849,  1.5032512972971,  1.4882923505093,  
		1.4733334037215,  1.4583744569338,  1.4442332080397,  1.4320868600417,  
		1.4199405120437,  1.4077941640456,  1.3956478160476,  1.3828677181904,  
		1.3667703359145,  1.3506729536385,  1.3345755713626,  1.3184781890866,  
		1.3026250107468,  1.2946474093456,  1.2866698079444,  1.2786922065432,  
		1.2707146051421,  1.2627370037409,  1.2499741744316,  1.2366781720963,  
		1.223382169761,  1.2100861674257,  1.1967901650904,  1.1855402142423,  
		1.174903412374,  1.1642666105058,  1.1536298086375,  1.1429930067693,  
		1.1306567158808,  1.1173607135455,  1.1040647112102,  1.0907687088749,  
		1.0774727065396,  1.0667576630888,  1.0585345799402,  1.0503114967916,  
		1.0420884136431,  1.0338653304945,  1.0238153224002,  1.0107648018123,  
		0.99771428122441,  0.98466376063649,  0.97161324004857,  0.95850181045566,  
		0.94520580812036,  0.93190980578506,  0.91861380344977,  0.90531780111446,  
		0.89170855962641,  0.87575335682405,  0.85979815402169,  0.84384295121934,  
		0.82788774841698,  0.81193254561462,  0.80122909711813,  0.7905922952499,  
		0.77995549338166,  0.76931869151342,  0.75868188964518,  0.74576577309089,  
		0.73246977075559,  0.7191737684203,  0.705877766085,  0.6925817637497,  
		0.67735300919524,  0.66139780639288,  0.64544260359052,  0.62948740078816,  
		0.61353219798581,  0.60319524748272,  0.59665887941739,  0.59012251135206,  
		0.58358614328672,  0.57704977522138,  0.56793007360265,  0.55585203839857,  
		0.54377400319449,  0.5316959679904,  0.51961793278632,  0.50802392080781,  
		0.49738711893957,  0.48675031707134,  0.47611351520309,  0.46547671333486,  
		0.45593291616987,  0.45061451523575,  0.44529611430163,  0.43997771336752,  
		0.43465931243339,  0.42894103172979,  0.41830422986156,  0.40766742799332,  
		0.39703062612508,  0.38639382425684,  0.3757570223886,  0.36763279840528,  
		0.3596551970041,  0.35167759560292,  0.34369999420174,  0.33572239280056,  
		0.32601957622338,  0.3159239414215,  0.30582830661962,  0.29573267181774,  
		0.28563703701586,  0.27657115673329,  0.26798054776732,  0.25938993880135,  
		0.25079932983537,  0.2422087208694,  0.23421942377341,  0.22671444121523,  
		0.21920945865705,  0.21170447609886,  0.20419949354068,  0.19628375667559,  
		0.1878090050733,  0.17933425347101,  0.17085950186871,  0.16238475026642,  
		0.15438688189791,  0.14753842440056,  0.14068996690322,  0.13384150940587,  
		0.12699305190852,  0.1205164822452,  0.11595084391363,  0.11138520558207,  
		0.1068195672505,  0.10225392891894,  0.09761391302057,  0.090765455523223,  
		0.083916998025877,  0.07706854052853,  0.070220083031182,  0.063371625533835,  
		0.058582854501856,  0.054017216170292,  0.049451577838727,  0.044885939507162,  
		0.040320301175597,  0.037516839042181,  0.035234019876398,  0.032951200710616,  
		0.030668381544833,  0.028385562379051,  0.025370410247805,  0.021946181499132,  
		0.018521952750459,  0.015097724001784,  0.011673495253111,  0.01,  
		0.01,  0.01,  0.01,  0.01,  
		0.01,  0.01,  0.01,  0.01,  
		0.01,  0.01,  0.01,  0.01,  
		0.01,  0.01,  0.01,  0.01,  
		0.01,  0.01,  0.01,  0.01,  
		0.01,  0.01,  0.01,  0.01,  
		0.01,  0.01,  0.01,  0.01,  
		0.01,  0.01,  0.01,  0.01,  
		0.01,  0.01,  0.01,  0.01,  
		0.01,  0.01,  0.01,  0.01,  
		0.01,  0.01,  0.01,  0.01,  
		0.01,  0.01,  0.01,  0.01,  
		0.01,  0.01,  0.01,  0.01,  
		0.01,  0.01,  0.01,  0.01,  
		0.01,  0.01,  0.01,  0.01,  
		0.01,  0.01,  0.01,  0.01,  
		0.01,  0.01,  0.01,  0.01,  
		0.01,  0.01,  0.01,  0.01,  
		0.01,  0.01,  0.01,  0.01,  
		0.01,  0.01,  0.01,  0.01,  
		0.01,  0.01,  0.01,  0.01,  
		0.01,  0.01,  0.01,  0.01,  
		0.01,  0.01,  0.01,  0.01,  
		0.01,  0.01,  0.01,  0.01,  
		0.01,  0.01,  0.01,  0.01,  
		0.01,  0.01,  0.01,  0.01,  
		0.01,  0.01,  0.01,  0.01,  
		0.01,  0.01,  0.01,  0.01,  
		0.01,  0.01,  0.01,  0.01,  
		0.01,  0.01,  0.01,  0.01,  
		0.01,  0.01,  0.01,  0.01,  
		0.01,  0.01,  0.01,  0.010288928240281,  
		0.011430337823172,  0.012571747406063,  0.013713156988954,  0.014854566571845,  
		0.015855803048066,  0.015855803048066,  0.015855803048066,  0.015855803048066,  
		0.015855803048066,  0.015855803048066,  0.01812145815997,  0.020404277325752,  
		0.022687096491534,  0.024969915657317,  0.027252734823099,  0.027567409144197,  
		0.027567409144197,  0.027567409144197,  0.027567409144197,  0.027567409144197,  
		0.027567409144197,  0.027567409144197,  0.027567409144197,  0.027567409144197,  
		0.027567409144197,  0.028940533454442,  0.031223352620224,  0.033506171786006,  
		0.035788990951789,  0.038071810117571,  0.039279015240328,  0.039279015240328,  
		0.039279015240328,  0.039279015240328,  0.039279015240328,  0.039279015240328,  
		0.039279015240328,  0.039279015240328,  0.039279015240328,  0.039279015240328,  
		0.039279015240328,  0.039279015240328,  0.039279015240328,  0.039279015240328,  
		0.039279015240328,  0.039462098481694,  0.041744917647476,  0.044027736813259,  
		0.046310555979041,  0.048593375144824,  0.050876194310606,  0.05099062133646,  
		0.05099062133646,  0.05099062133646,  0.05099062133646,  0.05099062133646,  
		0.05099062133646,  0.05099062133646,  0.05099062133646,  0.05099062133646,  
		0.05099062133646,  0.05099062133646,  0.05099062133646,  0.05099062133646,  
		0.05099062133646,  0.05099062133646,  0.05099062133646,  0.05099062133646,  
		0.05099062133646,  0.05099062133646,  0.05099062133646,  0.05001227026541,  
		0.047729451099628,  0.045446631933846,  0.043163812768063,  0.040880993602281,  
		0.039279015240328,  0.039279015240328,  0.039279015240328,  0.039279015240328,  
		0.039279015240328,  0.039279015240328,  0.039279015240328,  0.039279015240328,  
		0.039279015240328,  0.039279015240328,  0.039279015240328,  0.039279015240328,  
		0.039279015240328,  0.039279015240328,  0.039279015240328,  0.039279015240328,  
		0.039279015240328,  0.039279015240328,  0.039279015240328,  0.039279015240328,  
		0.039279015240328,  0.039279015240328,  0.039279015240328,  0.039279015240328,  
		0.039279015240328,  0.039279015240328,  0.039279015240328,  0.039279015240328,  
		0.039279015240328,  0.039279015240328,  0.039279015240328,  0.039279015240328,  
		0.039279015240328,  0.039279015240328,  0.039279015240328,  0.039279015240328,  
		0.039279015240328,  0.039279015240328,  0.039279015240328,  0.039279015240328,  
		0.039279015240328,  0.039279015240328,  0.039279015240328,  0.039279015240328,  
		0.039279015240328,  0.039279015240328,  0.039279015240328,  0.039279015240328,  
		0.039279015240328,  0.039279015240328,  0.039279015240328,  0.039279015240328,  
		0.041550391703525,  0.043833210869307,  0.046116030035089,  0.048398849200872,  
		0.050681668366654,  0.05099062133646,  0.05099062133646,  0.05099062133646,  
		0.05099062133646,  0.05099062133646,  0.05099062133646,  0.05099062133646,  
		0.05099062133646,  0.05099062133646,  0.05099062133646,  0.05099062133646,  
		0.05099062133646,  0.05099062133646,  0.05099062133646,  0.05099062133646,  
		0.05099062133646,  0.05099062133646,  0.05099062133646,  0.05099062133646,  
		0.05099062133646,  0.05099062133646,  0.05099062133646,  0.05099062133646,  
		0.05099062133646,  0.05099062133646,  0.05099062133646,  0.05099062133646,  
		0.05099062133646,  0.05099062133646,  0.05099062133646,  0.051179425929118,  
		0.0534622450949,  0.055745064260683,  0.058027883426465,  0.060310702592248,  
		0.06259352175803,  0.062702227432591,  0.062702227432591,  0.062702227432591,  
		0.062702227432591,  0.062702227432591,  0.062702227432591,  0.062702227432591,  
		0.062702227432591,  0.062702227432591,  0.062702227432591,  0.062702227432591,  
		0.062702227432591,  0.062702227432591,  0.062702227432591,  0.062702227432591,  
		0.063983810122153,  0.066266629287935,  0.068549448453717,  0.0708322676195,  
		0.073115086785282,  0.074413833528722,  0.074413833528722,  0.074413833528722,  
		0.074413833528722,  0.074413833528722,  0.074413833528722,  0.074413833528722,  
		0.074413833528722,  0.074413833528722,  0.074413833528722,  0.074802885416625,  
		0.077085704582407,  0.079368523748189,  0.081651342913971,  0.083934162079754,  
		0.086125439624853,  0.086125439624853,  0.086125439624853,  0.086125439624853,  
		0.086125439624853,  0.086125439624853,  0.088202290144099,  0.090485109309881,  
		0.092767928475663,  0.095050747641446,  0.097333566807228,  0.097837045720985,  
		0.097837045720985,  0.097837045720985,  0.097837045720985,  0.097837045720985,  
		0.097837045720985,  0.097837045720985,  0.097837045720985,  0.097837045720985,  
		0.097837045720985,  0.097837045720985,  0.097837045720985,  0.097837045720985,  
		0.097837045720985,  0.097837045720985,  0.098723855171351,  0.10100667433713,  
		0.10328949350292,  0.1055723126687,  0.10785513183448,  0.10954865181712,  
		0.10954865181712,  0.10954865181712,  0.10954865181712,  0.10954865181712,  
		0.10954865181712,  0.10954865181712,  0.10954865181712,  0.10954865181712,  
		0.10954865181712,  0.10954865181712,  0.10954865181712,  0.10954865181712,  
		0.10954865181712,  0.10954865181712,  0.10954865181712,  0.10954865181712,  
		0.10954865181712,  0.10954865181712,  0.10954865181712,  0.10954865181712,  
		0.10954865181712,  0.10954865181712,  0.10954865181712,  0.10954865181712,  
		0.10954865181712,  0.10954865181712,  0.10954865181712,  0.10954865181712,  
		0.10954865181712,  0.10954865181712,  0.10954865181712,  0.10954865181712,  
		0.10954865181712,  0.10954865181712,  0.10954865181712,  0.10954865181712,  
		0.10954865181712,  0.10954865181712,  0.10954865181712,  0.10954865181712,  
		0.10954865181712,  0.10954865181712,  0.10954865181712,  0.10954865181712,  
		0.10954865181712,  0.10954865181712,  0.10954865181712,  0.10954865181712,  
		0.10954865181712,  0.10954865181712,  0.10954865181712,  0.11172848665963,  
		0.11401130582541,  0.11629412499119,  0.11857694415698,  0.12085976332276,  
		0.12126025791325,  0.12126025791325,  0.12126025791325,  0.12126025791325,  
		0.12126025791325,  0.12126025791325,  0.12126025791325,  0.12126025791325,  
		0.12126025791325,  0.12126025791325,  0.12120057088378,  0.12109472588487,  
		0.12098888088595,  0.12088303588704,  0.12077719088813,  0.11977333750311,  
		0.11759636333624,  0.11541938916937,  0.1132424150025,  0.11106544083564,  
		0.10954865181712,  0.10954865181712,  0.10954865181712,  0.10954865181712,  
		0.10954865181712,  0.10954865181712,  0.10954865181712,  0.10954865181712,  
		0.10954865181712,  0.10954865181712,  0.10954865181712,  0.10954865181712,  
		0.10954865181712,  0.10954865181712,  0.10954865181712,  0.10954865181712,  
		0.10954865181712,  0.10954865181712,  0.10954865181712,  0.10954865181712,  
		0.10954865181712,  0.10954865181712,  0.10954865181712,  0.10954865181712,  
		0.10954865181712,  0.10954865181712,  0.10806110048102,  0.10577828131524,  
		0.10349546214945,  0.10121264298367,  0.098929823817888,  0.097837045720985,  
		0.097837045720985,  0.097837045720985,  0.097837045720985,  0.097837045720985,  
		0.096944514919326,  0.094661695753543,  0.092378876587761,  0.090096057421979,  
		0.087813238256196,  0.085530419090414,  0.083247599924632,  0.08096478075885,  
		0.078681961593067,  0.076399142427285,  0.074116323261502,  0.07183350409572,  
		0.069550684929938,  0.067267865764156,  0.064985046598373,  0.062702227432591 ]
];
prUnarchive(o,p);
