var o, p;
o = [
	Array.prNew(2048)
];
p = [
	// Array
	0, [ 1.0324825986079,  1.0440665248335,  1.055650451059,  1.0672343772846,  
		1.0788183035102,  1.0760073311971,  1.0731113496408,  1.0702153680844,  
		1.067319386528,  1.0666244955755,  1.0659557561946,  1.0652870168136,  
		1.0646182774327,  1.0620900038297,  1.0595283919638,  1.0569667800979,  
		1.0544051682319,  1.051843556366,  1.0492819445001,  1.0467203326341,  
		1.0441587207682,  1.0440835266821,  1.0440835266821,  1.0440835266821,  
		1.0440835266821,  1.0440835266821,  1.0440835266821,  1.0440835266821,  
		1.0440835266821,  1.0440835266821,  1.0440835266821,  1.0440835266821,  
		1.0440835266821,  1.0440835266821,  1.0440835266821,  1.0440835266821,  
		1.0440835266821,  1.0440835266821,  1.0440835266821,  1.0440835266821,  
		1.0440835266821,  1.0440835266821,  1.0440835266821,  1.0440835266821,  
		1.0440835266821,  1.0440835266821,  1.0440835266821,  1.0440835266821,  
		1.0440835266821,  1.0440835266821,  1.0440835266821,  1.0440835266821,  
		1.0440835266821,  1.0440835266821,  1.0440835266821,  1.0440835266821,  
		1.0440835266821,  1.0440835266821,  1.0440835266821,  1.0440835266821,  
		1.0440835266821,  1.0440835266821,  1.0440835266821,  1.0440835266821,  
		1.0440835266821,  1.0440835266821,  1.0440835266821,  1.0440835266821,  
		1.0440835266821,  1.0440835266821,  1.0440835266821,  1.0440835266821,  
		1.0440835266821,  1.0440835266821,  1.0440835266821,  1.0440835266821,  
		1.0440835266821,  1.0440835266821,  1.0440835266821,  1.0440835266821,  
		1.0440835266821,  1.0440835266821,  1.0440835266821,  1.0440835266821,  
		1.0440835266821,  1.0440835266821,  1.0440835266821,  1.0440835266821,  
		1.0440835266821,  1.0440835266821,  1.0440835266821,  1.0440835266821,  
		1.0440835266821,  1.0440835266821,  1.0440835266821,  1.0440835266821,  
		1.0440835266821,  1.0440835266821,  1.0440835266821,  1.0440835266821,  
		1.0440835266821,  1.0440835266821,  1.0440835266821,  1.0440835266821,  
		1.0440835266821,  1.0440835266821,  1.0440835266821,  1.0440835266821,  
		1.0440835266821,  1.0440835266821,  1.0440835266821,  1.0440835266821,  
		1.0440835266821,  1.0440835266821,  1.0440835266821,  1.0440835266821,  
		1.0440835266821,  1.0440835266821,  1.0440835266821,  1.0440835266821,  
		1.0440835266821,  1.0440835266821,  1.0440835266821,  1.0440835266821,  
		1.0440835266821,  1.0440835266821,  1.0440835266821,  1.0440835266821,  
		1.0440835266821,  1.0440835266821,  1.0440835266821,  1.0440835266821,  
		1.0440835266821,  1.0440835266821,  1.0440835266821,  1.0440835266821,  
		1.0440835266821,  1.0440835266821,  1.0440835266821,  1.0440835266821,  
		1.0440835266821,  1.0440835266821,  1.0440835266821,  1.0440835266821,  
		1.0440835266821,  1.0440835266821,  1.0440835266821,  1.0440835266821,  
		1.0440835266821,  1.0440835266821,  1.0440835266821,  1.0440835266821,  
		1.0440835266821,  1.0440835266821,  1.0440835266821,  1.0440835266821,  
		1.0440835266821,  1.0440835266821,  1.0440835266821,  1.0440835266821,  
		1.0440835266821,  1.043918742946,  1.0437033861962,  1.0434880294464,  
		1.0432726726966,  1.0389865432464,  1.0334099368834,  1.0278333305204,  
		1.0222567241574,  1.0208816705336,  1.0208816705336,  1.0208816705336,  
		1.0208816705336,  1.0208816705336,  1.0208816705336,  1.0208816705336,  
		1.0208816705336,  1.0187337703186,  1.0158377887622,  1.0129418072058,  
		1.0100458256494,  1.0092807424594,  1.0092807424594,  1.0092807424594,  
		1.0092807424594,  1.0084823431876,  1.0073885575899,  1.0062947719923,  
		1.0052009863947,  0.99940047244999,  0.99180631337843,  0.98421215430686,  
		0.9766179952353,  0.97447795823666,  0.97447795823666,  0.97447795823666,  
		0.97447795823666,  0.97447795823666,  0.97447795823666,  0.97447795823666,  
		0.97447795823666,  0.97447795823666,  0.97447795823666,  0.97447795823666,  
		0.97447795823666,  0.97447795823666,  0.97447795823666,  0.97447795823666,  
		0.97447795823666,  0.9742994739458,  0.97404255712149,  0.97378564029717,  
		0.97352872347286,  0.97253982881941,  0.97122029645337,  0.96990076408733,  
		0.96858123172129,  0.96726169935525,  0.96594216698921,  0.96462263462316,  
		0.96330310225712,  0.96282330742598,  0.96274396546553,  0.96266462350509,  
		0.96258528154464,  0.96066857541789,  0.95785193582195,  0.955035296226,  
		0.95221865663006,  0.95127610208817,  0.95127610208817,  0.95127610208817,  
		0.95127610208817,  0.95032116492133,  0.94887317414314,  0.94742518336494,  
		0.94597719258674,  0.94452920180854,  0.94308121103035,  0.94163322025215,  
		0.94018522947395,  0.93967517401392,  0.93967517401392,  0.93967517401392,  
		0.93967517401392,  0.93874573962009,  0.93729774884189,  0.93584975806369,  
		0.9344017672855,  0.9311119095683,  0.92676793723371,  0.92242396489912,  
		0.91807999256452,  0.91647331786543,  0.91647331786543,  0.91647331786543,  
		0.91647331786543,  0.91561449437832,  0.91423876145696,  0.9128630285356,  
		0.91148729561424,  0.91002219485429,  0.90850194621925,  0.90698169758422,  
		0.90546144894918,  0.90487238979118,  0.90487238979118,  0.90487238979118,  
		0.90487238979118,  0.90135867439986,  0.89556671128707,  0.88977474817428,  
		0.8839827850615,  0.8808006057192,  0.879352614941,  0.8779046241628,  
		0.8764566333846,  0.87500864260641,  0.87356065182821,  0.87211266105001,  
		0.87066467027181,  0.86893237080201,  0.86700171643108,  0.86507106206015,  
		0.86314040768922,  0.86120975331829,  0.85927909894736,  0.85734844457643,  
		0.8554177902055,  0.85348713583457,  0.85155648146364,  0.84962582709271,  
		0.84769517272178,  0.8452129028163,  0.84231692125991,  0.83942093970351,  
		0.83652495814712,  0.83526682134571,  0.83526682134571,  0.83526682134571,  
		0.83526682134571,  0.8351092834507,  0.83482780840054,  0.83454633335037,  
		0.83426485830021,  0.8326913129916,  0.83007680648537,  0.82746229997914,  
		0.82484779347291,  0.82207129066126,  0.81916114089764,  0.81625099113403,  
		0.81334084137041,  0.81044605205063,  0.80756423870146,  0.80468242535229,  
		0.80180061200311,  0.79971041049501,  0.79830492433848,  0.79689943818195,  
		0.79549395202542,  0.79250754902598,  0.78812107206972,  0.78373459511346,  
		0.7793481181572,  0.77703628818018,  0.7766055746806,  0.77617486118101,  
		0.77574414768143,  0.77425833250344,  0.77179306444663,  0.76932779638982,  
		0.766862528333,  0.76566125290023,  0.76566125290023,  0.76566125290023,  
		0.76566125290023,  0.76566125290023,  0.76566125290023,  0.76566125290023,  
		0.76566125290023,  0.76566125290023,  0.76566125290023,  0.76566125290023,  
		0.76566125290023,  0.76566125290023,  0.76566125290023,  0.76566125290023,  
		0.76566125290023,  0.76566125290023,  0.76566125290023,  0.76566125290023,  
		0.76566125290023,  0.76286161515295,  0.75706965204017,  0.75127768892738,  
		0.74548572581459,  0.74245939675174,  0.74245939675174,  0.74245939675174,  
		0.74245939675174,  0.74109358157544,  0.73819760001904,  0.73530161846265,  
		0.73240563690625,  0.73084175148687,  0.73080585869524,  0.73076996590361,  
		0.73073407311198,  0.72939938178084,  0.72653929301608,  0.72367920425132,  
		0.72081911548655,  0.71794273097295,  0.71504674941655,  0.71215076786016,  
		0.70925478630376,  0.707656612529,  0.707656612529,  0.707656612529,  
		0.707656612529,  0.707656612529,  0.707656612529,  0.707656612529,  
		0.707656612529,  0.7063928084447,  0.70349682688831,  0.70060084533192,  
		0.69770486377552,  0.69605568445476,  0.69605568445476,  0.69605568445476,  
		0.69605568445476,  0.69480502639652,  0.69185992838842,  0.68891483038032,  
		0.68596973237222,  0.68306577299686,  0.68021890789217,  0.67737204278748,  
		0.67452517768279,  0.67225592996145,  0.67080793918325,  0.66935994840506,  
		0.66791195762686,  0.66627884300133,  0.66437605277127,  0.66247326254121,  
		0.66057047231116,  0.65845169316864,  0.6560105110641,  0.65356932895957,  
		0.65112814685504,  0.64888877806202,  0.64695812369109,  0.64502746932016,  
		0.64309681494923,  0.6411661605783,  0.63923550620737,  0.63730485183645,  
		0.63537419746552,  0.63341963181883,  0.63142663733612,  0.62943364285341,  
		0.6274406483707,  0.62513014926246,  0.62229650781784,  0.61946286637323,  
		0.61662922492862,  0.61377240418608,  0.61087642262969,  0.60798044107329,  
		0.6050844595169,  0.60112869606022,  0.59533673294743,  0.58954476983464,  
		0.58375280672185,  0.57935121701122,  0.57742056264029,  0.57548990826936,  
		0.57355925389843,  0.5716285995275,  0.56969794515657,  0.56776729078564,  
		0.56583663641471,  0.56349602270346,  0.56038846258586,  0.55728090246827,  
		0.55417334235068,  0.5515412905577,  0.54982221474796,  0.54810313893823,  
		0.5463840631285,  0.54475623316109,  0.54330824238289,  0.54186025160469,  
		0.54041226082649,  0.53870998908354,  0.53649313692671,  0.53427628476987,  
		0.53205943261303,  0.52974684662861,  0.52723529576153,  0.52472374489446,  
		0.52221219402738,  0.51954216256658,  0.51653377989955,  0.51352539723252,  
		0.51051701456549,  0.50769938975696,  0.50530024000052,  0.50290109024408,  
		0.50050194048764,  0.4987017704069,  0.49825216596436,  0.49780256152181,  
		0.49735295707927,  0.49538868718106,  0.48991314736292,  0.48443760754478,  
		0.47896206772664,  0.47396258262868,  0.47009806242652,  0.46623354222435,  
		0.46236902202219,  0.45826534913645,  0.45357510581732,  0.4488848624982,  
		0.44419461917907,  0.44083526682135,  0.44083526682135,  0.44083526682135,  
		0.44083526682135,  0.44003051265108,  0.43713453109468,  0.43423854953829,  
		0.43134256798189,  0.4292343387471,  0.4292343387471,  0.4292343387471,  
		0.4292343387471,  0.4292343387471,  0.4292343387471,  0.4292343387471,  
		0.4292343387471,  0.4292343387471,  0.4292343387471,  0.4292343387471,  
		0.4292343387471,  0.4292343387471,  0.4292343387471,  0.4292343387471,  
		0.4292343387471,  0.42851459382017,  0.42561861226377,  0.42272263070738,  
		0.41982664915098,  0.41763341067285,  0.41763341067285,  0.41763341067285,  
		0.41763341067285,  0.41763341067285,  0.41763341067285,  0.41763341067285,  
		0.41763341067285,  0.41763341067285,  0.41763341067285,  0.41763341067285,  
		0.41763341067285,  0.41763341067285,  0.41763341067285,  0.41763341067285,  
		0.41763341067285,  0.41762258627344,  0.41757319995112,  0.4175238136288,  
		0.41747442730648,  0.41718326648908,  0.41600042358892,  0.41481758068875,  
		0.41363473778858,  0.41235213676713,  0.41068838443322,  0.40902463209932,  
		0.40736087976541,  0.40603248259861,  0.40603248259861,  0.40603248259861,  
		0.40603248259861,  0.40603248259861,  0.40603248259861,  0.40603248259861,  
		0.40603248259861,  0.40603248259861,  0.40603248259861,  0.40603248259861,  
		0.40603248259861,  0.40603248259861,  0.40603248259861,  0.40603248259861,  
		0.40603248259861,  0.40603248259861,  0.40603248259861,  0.40603248259861,  
		0.40603248259861,  0.40603248259861,  0.40603248259861,  0.40603248259861,  
		0.40603248259861,  0.40603248259861,  0.40603248259861,  0.40603248259861,  
		0.40603248259861,  0.40603248259861,  0.40603248259861,  0.40603248259861,  
		0.40603248259861,  0.40603248259861,  0.40603248259861,  0.40603248259861,  
		0.40603248259861,  0.40603248259861,  0.40603248259861,  0.40603248259861,  
		0.40603248259861,  0.40603248259861,  0.40603248259861,  0.40603248259861,  
		0.40603248259861,  0.40603248259861,  0.40603248259861,  0.40603248259861,  
		0.40603248259861,  0.4058697506185,  0.40462861566576,  0.40338748071302,  
		0.40214634576028,  0.40090521080754,  0.3996640758548,  0.39842294090206,  
		0.39718180594932,  0.39594067099658,  0.39469953604384,  0.3934584010911,  
		0.39221726613836,  0.39097613118562,  0.38973499623288,  0.38849386128014,  
		0.3872527263274,  0.38601159137465,  0.38477045642191,  0.38352932146917,  
		0.38228818651643,  0.38104705156369,  0.37980591661095,  0.37856478165821,  
		0.37732364670547,  0.37607614576373,  0.37476862264,  0.37346109951627,  
		0.37215357639255,  0.37085727692886,  0.3696744340287,  0.36849159112853,  
		0.36730874822837,  0.36608686809502,  0.36444011760977,  0.36279336712453,  
		0.36114661663929,  0.35955320652977,  0.3585878793443,  0.35762255215884,  
		0.35665722497337,  0.35569189778791,  0.35472657060244,  0.35376124341698,  
		0.35279591623151,  0.35182082687709,  0.3507087800346,  0.34959673319212,  
		0.34848468634963,  0.34738450724196,  0.34646808660883,  0.34555166597571,  
		0.34463524534259,  0.34371882470946,  0.34280240407634,  0.34188598344321,  
		0.34096956281009,  0.34005314217696,  0.33913672154384,  0.33822030091071,  
		0.33730388027759,  0.33642691415313,  0.33642691415313,  0.33642691415313,  
		0.33642691415313,  0.3363922355152,  0.335459562674,  0.3345268898328,  
		0.33359421699161,  0.33257963868319,  0.32903110998269,  0.3254825812822,  
		0.3219340525817,  0.31836877870008,  0.3141620355726,  0.30995529244511,  
		0.30574854931762,  0.30162412993039,  0.30162412993039,  0.30162412993039,  
		0.30162412993039,  0.30162412993039,  0.30162412993039,  0.30162412993039,  
		0.30162412993039,  0.30162412993039,  0.30162412993039,  0.30162412993039,  
		0.30162412993039,  0.30162412993039,  0.30162412993039,  0.30162412993039,  
		0.30162412993039,  0.30162412993039,  0.30524452184817,  0.30887913927446,  
		0.31251375670075,  0.31614837412704,  0.31939427879371,  0.32263634242521,  
		0.3258784060567,  0.3291204696882,  0.33291332297623,  0.33671493633832,  
		0.34051654970042,  0.34431816306251,  0.34978405556074,  0.35528656219996,  
		0.36078906883918,  0.3662915754784,  0.36996554008639,  0.37358799646815,  
		0.37721045284991,  0.38083290923166,  0.38445536561342,  0.38807782199518,  
		0.39170027837694,  0.39532273475869,  0.39894519114045,  0.40256764752221,  
		0.40619010390396,  0.40981256028572,  0.41343501666748,  0.41705747304924,  
		0.42067992943099,  0.42430238581275,  0.42836019917844,  0.43244135126905,  
		0.43652250335965,  0.44060365545025,  0.44356689717395,  0.44646287873035,  
		0.44935886028674,  0.45225484184314,  0.4557644038148,  0.45931495654491,  
		0.46286550927501,  0.46641606200511,  0.46770319511006,  0.46882390030141,  
		0.46994460549275,  0.4710653106841,  0.47342028734776,  0.47587442324175,  
		0.47832855913575,  0.48078269502974,  0.48424341530545,  0.48779194400595,  
		0.49134047270645,  0.49488900140694,  0.49867281820158,  0.50247880346762,  
		0.50628478873365,  0.51009077399969,  0.51175564489712,  0.51320363567532,  
		0.51465162645352,  0.51609961723171,  0.51799241762799,  0.51993346201755,  
		0.52187450640711,  0.52381555079667,  0.52655458188875,  0.52938595642021,  
		0.53221733095167,  0.53504870548312,  0.53774686004968,  0.54042861831286,  
		0.54311037657604,  0.54579213483922,  0.54940295781047,  0.55313505250245,  
		0.55686714719444,  0.56059924188642,  0.56267377130558,  0.56451941643317,  
		0.56636506156077,  0.56821070668836,  0.56844547563805,  0.56844547563805,  
		0.56844547563805,  0.56844547563805,  0.56844547563805,  0.56844547563805,  
		0.56844547563805,  0.56844547563805,  0.56844547563805,  0.56844547563805,  
		0.56844547563805,  0.56844547563805,  0.568934980266,  0.56950737583781,  
		0.57007977140962,  0.57065216698144,  0.57172514666379,  0.57288693965608,  
		0.57404873264837,  0.57521052564067,  0.57645517260824,  0.57771519850395,  
		0.57897522439965,  0.58023525029536,  0.58278323184686,  0.58558098049984,  
		0.58837872915282,  0.59117647780581,  0.59405592701446,  0.59695190857086,  
		0.59984789012725,  0.60274387168365,  0.60324825986079,  0.60324825986079,  
		0.60324825986079,  0.60324825986079,  0.60403979037098,  0.60500511755645,  
		0.60597044474191,  0.60693577192738,  0.60790109911284,  0.60886642629831,  
		0.60983175348377,  0.61079708066924,  0.61191241617474,  0.61306334687483,  
		0.61421427757491,  0.615365208275,  0.6177673589557,  0.62047773699747,  
		0.62318811503924,  0.62589849308101,  0.62756504023936,  0.628964859113,  
		0.63036467798664,  0.63176449686028,  0.63324048579044,  0.6347366484732,  
		0.63623281115595,  0.63772897383871,  0.63918733430282,  0.64063532508101,  
		0.64208331585921,  0.64353130663741,  0.64497929741561,  0.6464272881938,  
		0.647875278972,  0.6493232697502,  0.65412912564026,  0.65992108875305,  
		0.66571305186584,  0.67150501497863,  0.67285382830626,  0.67285382830626,  
		0.67285382830626,  0.67285382830626,  0.67505840135017,  0.67795438290657,  
		0.68085036446296,  0.68374634601936,  0.68664232757575,  0.68953830913215,  
		0.69243429068854,  0.69533027224494,  0.69605568445476,  0.69605568445476,  
		0.69605568445476,  0.69605568445476,  0.69820925195266,  0.70110523350906,  
		0.70400121506545,  0.70689719662185,  0.707656612529,  0.707656612529,  
		0.707656612529,  0.707656612529,  0.70977617632957,  0.71267215788597,  
		0.71556813944236,  0.71846412099876,  0.71925754060325,  0.71925754060325,  
		0.71925754060325,  0.71925754060325,  0.71925754060325,  0.71925754060325,  
		0.71925754060325,  0.71925754060325,  0.71925754060325,  0.71925754060325,  
		0.71925754060325,  0.71925754060325,  0.72130909700915,  0.72420507856554,  
		0.72710106012194,  0.72999704167833,  0.73289302323473,  0.73578900479112,  
		0.73868498634752,  0.74158096790391,  0.750529607586,  0.76211353381158,  
		0.77369746003715,  0.78528138626273,  0.79086365990862,  0.79375964146502,  
		0.79665562302141,  0.7995516045778,  0.80274259538049,  0.80606929043646,  
		0.80939598549244,  0.81272268054841,  0.8193975087383,  0.8276547399079,  
		0.83591197107751,  0.84416920224711,  0.84881729473385,  0.85171327629024,  
		0.85460925784664,  0.85750523940303,  0.86233376442465,  0.86812572753744,  
		0.87391769065023,  0.87970965376302,  0.88550161687581,  0.8912935799886,  
		0.89708554310139,  0.90287750621418,  0.90866946932696,  0.91446143243975,  
		0.92025339555254,  0.92604535866533,  0.93371885969734,  0.94240680436653,  
		0.95109474903571,  0.9597826937049,  0.97219971051519,  0.98667961829716,  
		1.0011595260791,  1.0156394338611,  1.0282718074212,  1.0398557336468,  
		1.0514396598723,  1.0630235860979,  1.0764380446967,  1.0909179524787,  
		1.1053978602607,  1.1198777680426,  1.1305283227209,  1.1388932322654,  
		1.1472581418099,  1.1556230513544,  1.1625922233562,  1.1687072215937,  
		1.1748222198311,  1.1809372180686,  1.1850741904003,  1.1879701719567,  
		1.1908661535131,  1.1937621350695,  1.2028269540508,  1.2158588710546,  
		1.2288907880584,  1.2419227050621,  1.2497180526763,  1.2540620250109,  
		1.2584059973454,  1.26274996968,  1.269216539087,  1.2771167314345,  
		1.2850169237821,  1.2929171161297,  1.3017484286382,  1.311224125629,  
		1.3206998226198,  1.3301755196106,  1.337495763706,  1.3432877268188,  
		1.3490796899316,  1.3548716530444,  1.3618154133743,  1.3695957831694,  
		1.3773761529645,  1.3851565227595,  1.3918668661334,  1.3977810806343,  
		1.4036952951351,  1.4096095096359,  1.4175435393222,  1.4270168074775,  
		1.4364900756328,  1.445963343788,  1.4533690296592,  1.4591609927719,  
		1.4649529558847,  1.4707449189975,  1.4797558987914,  1.491339825017,  
		1.5029237512426,  1.5145076774681,  1.5260916036937,  1.5376755299193,  
		1.5492594561449,  1.5608433823704,  1.5768655452573,  1.5966075252019,  
		1.6163495051465,  1.6360914850911,  1.6511579566521,  1.6622119919276,  
		1.673266027203,  1.6843200624784,  1.6953740977539,  1.7064281330293,  
		1.7174821683047,  1.7285362035802,  1.7414682666084,  1.7560898564626,  
		1.7707114463168,  1.785333036171,  1.7991271250894,  1.8121590420932,  
		1.825190959097,  1.8382228761007,  1.8494128208051,  1.8588658486643,  
		1.8683188765235,  1.8777719043827,  1.8866410135646,  1.8949464166388,  
		1.903251819713,  1.9115572227871,  1.9198626258613,  1.9281680289354,  
		1.9364734320096,  1.9447788350838,  1.9554226344939,  1.9684324490944,  
		1.9814422636949,  1.9944520782954,  2.0058751645927,  2.0156546279463,  
		2.0254340913,  2.0352135546536,  2.0449930180073,  2.0547724813609,  
		2.0645519447146,  2.0743314080682,  2.0841108714219,  2.0938903347755,  
		2.1036697981292,  2.1134492614828,  2.1232287248365,  2.1330081881901,  
		2.1427876515438,  2.1525671148974,  2.1630184730849,  2.1742344981963,  
		2.1854505233076,  2.196666548419,  2.2074687010661,  2.2177885870706,  
		2.2281084730751,  2.2384283590796,  2.2487482450841,  2.2590681310886,  
		2.2693880170931,  2.2797079030976,  2.2958106311426,  2.3189784835938,  
		2.3421463360449,  2.3653141884961,  2.3861161638345,  2.4039581871905,  
		2.4218002105465,  2.4396422339026,  2.4558061204512,  2.4698198942156,  
		2.4838336679799,  2.4978474417443,  2.5083054030742,  2.5140973661869,  
		2.5198893292997,  2.5256812924125,  2.5327087231952,  2.5413966678644,  
		2.5500846125335,  2.5587725572027,  2.5698974335143,  2.5843773412962,  
		2.5988572490782,  2.6133371568602,  2.6254141366971,  2.6341020813663,  
		2.6427900260355,  2.6514779707047,  2.6620538691897,  2.6753578157721,  
		2.6886617623546,  2.701965708937,  2.7143253301828,  2.7252867998377,  
		2.7362482694926,  2.7472097391475,  2.7568320091533,  2.7644223900362,  
		2.7720127709192,  2.7796031518022,  2.7864896509747,  2.7922816140875,  
		2.7980735772003,  2.8038655403131,  2.8096575034259,  2.8154494665387,  
		2.8212414296515,  2.8270333927642,  2.8317151451405,  2.8345827902825,  
		2.8374504354244,  2.8403180805664,  2.8442893597349,  2.8501096592622,  
		2.8559299587894,  2.8617502583166,  2.8682940624751,  2.8760809091649,  
		2.8838677558547,  2.8916546025445,  2.8969485656503,  2.8978496636297,  
		2.8987507616091,  2.8996518595885,  2.9043578005048,  2.9159417267304,  
		2.927525652956,  2.9391095791816,  2.9466357308585,  2.9466357308585,  
		2.9466357308585,  2.9466357308585,  2.9486306144355,  2.9544225775483,  
		2.9602145406611,  2.9660065037738,  2.9708180269468,  2.9737140085032,  
		2.9766099900596,  2.979505971616,  2.9833653912635,  2.9891573543763,  
		2.9949493174891,  3.0007412806019,  3.0065332437147,  3.0123252068275,  
		3.0181171699403,  3.0239091330531,  3.028771661772,  3.0316676433284,  
		3.0345636248848,  3.0374596064412,  3.0403555879976,  3.043251569554,  
		3.0461475511104,  3.0490435326668,  3.0519395142232,  3.0548354957796,  
		3.057731477336,  3.0606274588924,  3.0626450116009,  3.0626450116009,  
		3.0626450116009,  3.0626450116009,  3.0635055957165,  3.0663987436315,  
		3.0692918915464,  3.0721850394614,  3.0750798398717,  3.0779786550696,  
		3.0808774702674,  3.0837762854652,  3.0858468677494,  3.0858468677494,  
		3.0858468677494,  3.0858468677494,  3.0858468677494,  3.0858468677494,  
		3.0858468677494,  3.0858468677494,  3.0858468677494,  3.0858468677494,  
		3.0858468677494,  3.0858468677494,  3.0858468677494,  3.0858468677494,  
		3.0858468677494,  3.0858468677494,  3.0858468677494,  3.0858468677494,  
		3.0858468677494,  3.0858468677494,  3.0858468677494,  3.0858468677494,  
		3.0858468677494,  3.0858468677494,  3.0858468677494,  3.0858468677494,  
		3.0858468677494,  3.0858468677494,  3.0858468677494,  3.0858468677494,  
		3.0858468677494,  3.0858468677494,  3.0858468677494,  3.0858468677494,  
		3.0858468677494,  3.0858468677494,  3.0858468677494,  3.0858468677494,  
		3.0858468677494,  3.0858468677494,  3.0858468677494,  3.0858468677494,  
		3.0858468677494,  3.0858468677494,  3.0858468677494,  3.0858468677494,  
		3.0858468677494,  3.0858468677494,  3.0858468677494,  3.0858468677494,  
		3.0858468677494,  3.0858468677494,  3.0858468677494,  3.0858468677494,  
		3.0858468677494,  3.0858468677494,  3.0858468677494,  3.0858468677494,  
		3.0858468677494,  3.0858468677494,  3.0858468677494,  3.0858468677494,  
		3.0858468677494,  3.0858468677494,  3.0856617365084,  3.0846964093229,  
		3.0837310821374,  3.082765754952,  3.0818004277665,  3.080835100581,  
		3.0798697733956,  3.0789044462101,  3.0779391190247,  3.0769737918392,  
		3.0760084646537,  3.0750431374683,  3.073741551498,  3.0708455699416,  
		3.0679495883852,  3.0650536068288,  3.0621576252725,  3.0592616437161,  
		3.0563656621597,  3.0534696806033,  3.0505391138866,  3.047430204416,  
		3.0443212949453,  3.0412123854746,  3.0382198319602,  3.0358541461599,  
		3.0334884603595,  3.0311227745592,  3.0287056469837,  3.0259985748569,  
		3.0232915027302,  3.0205844306034,  3.0177766856471,  3.0143744268193,  
		3.0109721679915,  3.0075699091636,  3.0046403712297,  3.0046403712297,  
		3.0046403712297,  3.0046403712297,  3.0042549959932,  3.0013590144368,  
		2.9984630328804,  2.995567051324,  2.9871454689507,  2.9408097640483,  
		2.894474059146,  2.8481383542437,  2.8070732224284,  2.804177240872,  
		2.8012812593156,  2.7983852777592,  2.7954892962028,  2.7925933146464,  
		2.78969733309,  2.7868013515336,  2.7835880021354,  2.7777960390226,  
		2.7720040759099,  2.7662121127971,  2.7607205156774,  2.757824534121,  
		2.7549285525646,  2.7520325710082,  2.7485698611629,  2.7398819164937,  
		2.7311939718245,  2.7225060271554,  2.7135517201904,  2.7019677939648,  
		2.6903838677392,  2.6787999415136,  2.6667543812705,  2.6498092054317,  
		2.6328640295929,  2.6159188537541,  2.5987222213499,  2.5786430380734,  
		2.5585638547968,  2.5384846715203,  2.5192829300306,  2.5110030297294,  
		2.5027231294283,  2.4944432291271,  2.4862630885316,  2.479439679933,  
		2.4726162713344,  2.4657928627357,  2.4590340456352,  2.4532420825224,  
		2.4474501194097,  2.4416581562969,  2.4355374907765,  2.4239535645509,  
		2.4123696383253,  2.4007857120998,  2.3896438339395,  2.3867478523831,  
		2.3838518708268,  2.3809558892704,  2.3778913827578,  2.3712512163059,  
		2.3646110498541,  2.3579708834022,  2.3513745616829,  2.3458546281488,  
		2.3403346946147,  2.3348147610806,  2.3293214430736,  2.3246015409741,  
		2.3198816388745,  2.3151617367749,  2.310478219149,  2.3070863503398,  
		2.3036944815306,  2.3003026127214,  2.2968805864257,  2.2920877652863,  
		2.2872949441468,  2.2825021230074,  2.2777233558423,  2.2738282323126,  
		2.2699331087828,  2.266037985253,  2.2621243016491,  2.2563323385363,  
		2.2505403754235,  2.2447484123107,  2.2389451146321,  2.2302571699629,  
		2.2215692252938,  2.2128812806246,  2.2041933359554,  2.1986672027909,  
		2.1931472692568,  2.1876273357227,  2.1821074021886,  2.1778216997254,  
		2.1735457347855,  2.1692697698456,  2.1649938049056,  2.1609861431118,  
		2.1569822077506,  2.1529782723893,  2.1489743370281,  2.146809562506,  
		2.1446814977811,  2.1425534330562,  2.1404253683313,  2.138960076259,  
		2.1375120854808,  2.1360640947026,  2.1346161039244,  2.1317654606311,  
		2.1288694790747,  2.1259734975183,  2.1230775159619,  2.117393231224,  
		2.1116012681112,  2.1058093049984,  2.1000173418856,  2.0967386864395,  
		2.09357310414,  2.0904075218404,  2.0872419395409,  2.0848371198609,  
		2.0824714340606,  2.0801057482603,  2.0777400624599,  2.0750427685219,  
		2.0723262509236,  2.0696097333254,  2.0668932157272,  2.0641358848197,  
		2.0613759180526,  2.0586159512855,  2.0558559845185,  2.0539808042703,  
		2.0521686905665,  2.0503565768627,  2.0485444631588,  2.047266804176,  
		2.0460308642326,  2.0447949242892,  2.0435589843457,  2.0417366885715,  
		2.0398645961238,  2.037992503676,  2.0361204112283,  2.0346367328341,  
		2.0331887420559,  2.0317407512777,  2.0302927604995,  2.0275271264495,  
		2.0246311448932,  2.0217351633368,  2.0188391817804,  2.015943200224,  
		2.0130472186676,  2.0101512371112,  2.0072552555548,  1.9999152036957,  
		1.992071684177,  1.9842281646583,  1.9763846451396,  1.9696183308116,  
		1.9629819425484,  1.9563455542851,  1.9497091660218,  1.9412540790269,  
		1.9325661343577,  1.9238781896885,  1.9151902450193,  1.9115339824911,  
		1.9085597924308,  1.9055856023705,  1.9026114123103,  1.8997740488693,  
		1.8969562758168,  1.8941385027642,  1.8913207297117,  1.8808861816908,  
		1.8693022554652,  1.8577183292397,  1.8461344030141,  1.833727820215,  
		1.8211906570075,  1.8086534937999,  1.7961163305924,  1.7910259771013,  
		1.7871767585629,  1.7833275400246,  1.7794783214862,  1.7724189476347,  
		1.7647987190619,  1.757178490489,  1.7495582619162,  1.7392962055798,  
		1.7285510372218,  1.7178058688638,  1.7070607005058,  1.6994899735973,  
		1.692526016383,  1.6855620591687,  1.6785981019544,  1.6687597077312,  
		1.6583477756071,  1.647935843483,  1.6375239113589,  1.6267985995632,  
		1.6160080929421,  1.605217586321,  1.5944270796999,  1.5857000851226,  
		1.5774201848214,  1.5691402845203,  1.5608603842191,  1.5536303064835,  
		1.5466368793982,  1.5396434523129,  1.5326500252276,  1.5266299955682,  
		1.5208380324554,  1.5150460693426,  1.5092541062298,  1.4988036365821,  
		1.4872197103565,  1.4756357841309,  1.4640518579053,  1.4575766045796,  
		1.452391040736,  1.4472054768924,  1.4420199130487,  1.4381683787987,  
		1.4346659979731,  1.4311636171476,  1.427661236322,  1.4200794099678,  
		1.4113914652987,  1.4027035206295,  1.3940155759603,  1.3839735388506,  
		1.3735514056174,  1.3631292723841,  1.3527071391508,  1.3433416891116,  
		1.3342831041415,  1.3252245191714,  1.3161659342012,  1.3102281034339,  
		1.3052272930124,  1.300226482591,  1.2952256721695,  1.2873082960879,  
		1.2784860368142,  1.2696637775406,  1.2608415182669,  1.2532175998604,  
		1.2459776459694,  1.2387376920784,  1.2314977381874,  1.2231696659817,  
		1.2144817213125,  1.2057937766433,  1.1971058319741,  1.1899334363096,  
		1.1832781571034,  1.1766228778971,  1.1699675986909,  1.164589554253,  
		1.1596609072337,  1.1547322602144,  1.149803613195,  1.1399909550165,  
		1.1284070287909,  1.1168231025654,  1.1052391763398,  1.0999799378186,  
		1.0970839562622,  1.0941879747058,  1.0912919931494,  1.0856077084115,  
		1.0788504181132,  1.072093127815,  1.0653358375167,  1.0627269982934,  
		1.0617616711079,  1.0607963439225,  1.059831016737,  1.0588656895515,  
		1.0579003623661,  1.0569350351806,  1.0559697079951,  1.0541473013152,  
		1.0519653974028,  1.0497834934905,  1.0476015895781,  1.0464451533327,  
		1.0457310756886,  1.0450169980446,  1.0443029204006,  1.0440835266821,  
		1.0440835266821,  1.0440835266821,  1.0440835266821,  1.0440835266821,  
		1.0440835266821,  1.0440835266821,  1.0440835266821,  1.0440835266821,  
		1.0440835266821,  1.0440835266821,  1.0440835266821,  1.0440835266821,  
		1.0440835266821,  1.0440835266821,  1.0440835266821,  1.0440835266821,  
		1.0440835266821,  1.0440835266821,  1.0440835266821,  1.0405218334713,  
		1.0351530274809,  1.0297842214905,  1.0244154155001,  1.020737167759,  
		1.017939419106,  1.015141670453,  1.0123439218,  1.0091423875591,  
		1.0057250159769,  1.0023076443947,  0.99889027281251,  0.99767981438515,  
		0.99767981438515,  0.99767981438515,  0.99767981438515,  0.99631016187053,  
		0.9941698180327,  0.99202947419487,  0.98988913035704,  0.98862676065354,  
		0.98787112293497,  0.98711548521641,  0.98635984749785,  0.98425968850346,  
		0.98136370694707,  0.97846772539067,  0.97557174383428,  0.97447795823666,  
		0.97447795823666,  0.97447795823666,  0.97447795823666,  0.96943155335985,  
		0.96124516322637,  0.95305877309288,  0.94487238295939,  0.94137810379755,  
		0.94087654926185,  0.94037499472616,  0.93987344019046,  0.93967517401392,  
		0.93967517401392,  0.93967517401392,  0.93967517401392,  0.93967517401392,  
		0.93967517401392,  0.93967517401392,  0.93967517401392,  0.93967517401392,  
		0.93967517401392,  0.93967517401392,  0.93967517401392,  0.94137535888069,  
		0.94427134043708,  0.94716732199348,  0.95006330354987,  0.95295928510627,  
		0.95585526666266,  0.95875124821906,  0.96164722977545,  0.96287703016241,  
		0.96287703016241,  0.96287703016241,  0.96287703016241,  0.96287703016241,  
		0.96287703016241,  0.96287703016241,  0.96287703016241,  0.96614138510661,  
		0.9719333482194,  0.97772531133218,  0.98351727444497,  0.99576994005148,  
		1.0131458293898,  1.0305217187282,  1.0478976080666,  1.0588808023059,  
		1.0646727654187,  1.0704647285315,  1.0762566916443,  1.0852109986092,  
		1.0967949248348,  1.1083788510604,  1.119962777286,  1.1312681526759,  
		1.1423363561585,  1.1534045596412,  1.1644727631238,  1.1714505081387,  
		1.174862212438,  1.1782739167373,  1.1816856210366,  1.1940058282337,  
		1.2142776991285,  1.2345495700232,  1.254821440918,  1.2645011600928,  
		1.2645011600928,  1.2645011600928,  1.2645011600928,  1.2719819735066,  
		1.2864618812886,  1.3009417890705,  1.3154216968525,  1.3299016046345,  
		1.3443815124164,  1.3588614201984,  1.3733413279804,  1.3848969177915,  
		1.3935848624607,  1.4022728071299,  1.4109607517991,  1.4279632991729,  
		1.4533130555364,  1.4786628118999,  1.5040125682634,  1.522925843945,  
		1.5352238478146,  1.5475218516842,  1.5598198555538,  1.5717699037809,  
		1.5833538300064,  1.594937756232,  1.6065216824576,  1.6167114570924,  
		1.6253994017616,  1.6340873464308,  1.6427752911,  1.6514632357692,  
		1.6601511804384,  1.6688391251075,  1.6775270697767,  1.6889353102327,  
		1.7034152180147,  1.7178951257967,  1.7323750335787,  1.7508843794949,  
		1.774052231946,  1.7972200843972,  1.8203879368483,  1.8395773567113,  
		1.8540572644932,  1.8685371722752,  1.8830170800572,  1.9034701099194,  
		1.9311632877576,  1.9588564655958,  1.986549643434,  2.006328144636,  
		2.016282727031,  2.0262373094259,  2.0361918918208,  2.0494141729677,  
		2.0667900623061,  2.0841659516445,  2.1015418409828,  2.1164014567184,  
		2.127985382944,  2.1395693091695,  2.1511532353951,  2.1652194315262,  
		2.1825953208646,  2.1999712102029,  2.2173470995413,  2.2359471219837,  
		2.2562189928785,  2.2764908637733,  2.296762734668,  2.3109989492858,  
		2.3167909123985,  2.3225828755113,  2.3283748386241,  2.3353569311436,  
		2.3440448758128,  2.352732820482,  2.3614207651512,  2.3818399854011,  
		2.4194877456342,  2.4571355058673,  2.4947832661005,  2.5254942720772,  
		2.5457661429719,  2.5660380138667,  2.5863098847615,  2.603164384074,  
		2.6147483102996,  2.6263322365252,  2.6379161627508,  2.6506222109884,  
		2.6651021187704,  2.6795820265524,  2.6940619343343,  2.7085418421163,  
		2.7230217498983,  2.7375016576802,  2.7519815654622,  2.7729901831326,  
		2.8048459802529,  2.8367017773733,  2.8685575744936,  2.8961289057497,  
		2.9164007766444,  2.9366726475392,  2.956944518434,  2.9740540454765,  
		2.9856379717021,  2.9972218979277,  3.0088058241533,  3.0245382014538,  
		3.0477060539049,  3.0708739063561,  3.0940417588072,  3.1131291675782,  
		3.1247130938037,  3.1362970200293,  3.1478809462549,  3.1614710906233,  
		3.1788469799616,  3.1962228693,  3.2135987586384,  3.2290024335313,  
		3.2405863597569,  3.2521702859824,  3.263754212208,  3.2772763491817,  
		3.2946522385201,  3.3120281278584,  3.3294040171968,  3.3477320100606,  
		3.3680038809553,  3.3882757518501,  3.4085476227448,  3.4269492902862,  
		3.4414291980681,  3.4559091058501,  3.4703890136321,  3.4875639306941,  
		3.5105447628099,  3.5335255949257,  3.5565064270415,  3.5750981537352,  
		3.5839731187397,  3.5928480837443,  3.6017230487488,  3.6149614001362,  
		3.6381292525874,  3.6612971050386,  3.6844649574897,  3.710234092787,  
		3.7420898899074,  3.7739456870277,  3.805801484148,  3.836807188835,  
		3.8657670043989,  3.8947268199629,  3.9236866355268,  3.9484809981672,  
		3.9629609059492,  3.9774408137311,  3.9919207215131,  4.0194580490719,  
		4.0802736617562,  4.1410892744404,  4.2019048871247,  4.2535161447814,  
		4.2809741303797,  4.308432115978,  4.3358901015763,  4.3571204863477,  
		4.3615182978698,  4.3659161093918,  4.3703139209138,  4.378140383131,  
		4.3955162724694,  4.4128921618077,  4.4302680511461,  4.4491401031672,  
		4.4723079556184,  4.4954758080695,  4.5186436605207,  4.5381561155083,  
		4.5468440601775,  4.5555320048467,  4.5642199495158,  4.5743360494731,  
		4.5888159572551,  4.6032958650371,  4.617775772819,  4.6315586048056,  
		4.6431425310312,  4.6547264572568,  4.6663103834824,  4.6778943097079,  
		4.6894782359335,  4.7010621621591,  4.7126460883847,  4.7222407983161,  
		4.7251367798725,  4.7280327614289,  4.7309287429853,  4.7357629352898,  
		4.7473468615154,  4.758930787741,  4.7705147139666,  4.7808405033907,  
		4.7866324665035,  4.7924244296163,  4.7982163927291,  4.8051905665794,  
		4.8165761379038,  4.8279617092283,  4.8393472805528,  4.8490291734799,  
		4.8521235099374,  4.8552178463949,  4.8583121828524,  4.8625230516732,  
		4.8712109963423,  4.8798989410115,  4.8885868856807,  4.8965759745175,  
		4.9016566936277,  4.9067374127379,  4.9118181318481,  4.9160779710946,  
		4.9167892150972,  4.9175004590998,  4.9182117031024,  4.9187935034803,  
		4.9187935034803,  4.9187935034803,  4.9187935034803,  4.9187935034803,  
		4.9187935034803,  4.9187935034803,  4.9187935034803,  4.9187935034803,  
		4.9187935034803,  4.9187935034803,  4.9187935034803,  4.9187935034803,  
		4.9187935034803,  4.9187935034803,  4.9187935034803,  4.9187935034803,  
		4.9187935034803,  4.9187935034803,  4.9187935034803,  4.9187935034803,  
		4.9187935034803,  4.9187935034803,  4.9187935034803,  4.9187935034803,  
		4.9187935034803,  4.9187935034803,  4.9187935034803,  4.9187935034803,  
		4.9187935034803,  4.9187935034803,  4.9187935034803,  4.9187935034803,  
		4.9187935034803,  4.9187935034803,  4.9187935034803,  4.9187935034803,  
		4.9187935034803,  4.9187935034803,  4.9187935034803,  4.9187935034803,  
		4.9187935034803,  4.9187935034803,  4.9187935034803,  4.9187935034803,  
		4.9187935034803,  4.9187935034803,  4.9187935034803,  4.9187935034803,  
		4.9187935034803,  4.9187935034803,  4.9187935034803,  4.9187935034803,  
		4.9187935034803,  4.9187935034803,  4.9187935034803,  4.9187935034803,  
		4.9187935034803,  4.9187935034803,  4.9187935034803,  4.9187935034803,  
		4.9187935034803,  4.9187935034803,  4.9187935034803,  4.9205786975904,  
		4.9408505684851,  4.9611224393799,  4.9813943102747,  5.0,  
		5.0,  5.0,  5.0,  5.0,  
		5.0,  5.0,  5.0,  5.0,  
		5.0,  5.0,  5.0,  5.0,  
		5.0,  5.0,  5.0,  5.0,  
		5.0,  5.0,  5.0,  5.0,  
		5.0,  5.0,  5.0,  5.0,  
		5.0,  5.0,  5.0,  5.0,  
		5.0,  5.0,  5.0,  5.0,  
		5.0,  5.0,  5.0,  5.0,  
		5.0,  5.0,  5.0,  5.0,  
		5.0,  5.0,  5.0,  5.0,  
		5.0,  5.0,  5.0,  5.0,  
		5.0,  5.0,  5.0,  5.0,  
		5.0,  5.0,  5.0,  5.0 ]
];
prUnarchive(o,p);
