var o, p;
o = [
	Array.prNew(2048)
];
p = [
	// Array
	0, [ -1.7878850659912,  -1.7922317354453,  -1.7965784048995,  -1.8009250743537,  
		-1.8052717438079,  -1.8096184132621,  -1.8101848964992,  -1.8101848964992,  
		-1.8101848964992,  -1.8101848964992,  -1.8101848964992,  -1.8101848964992,  
		-1.8101848964992,  -1.8101848964992,  -1.8101848964992,  -1.8101848964992,  
		-1.8075376767564,  -1.8031910073022,  -1.7988443378481,  -1.7944976683939,  
		-1.7901509989397,  -1.7878850659912,  -1.7878850659912,  -1.7878850659912,  
		-1.7878850659912,  -1.7878850659912,  -1.7878850659912,  -1.7878850659912,  
		-1.7878850659912,  -1.7878850659912,  -1.7878850659912,  -1.7878850659912,  
		-1.7878850659912,  -1.7878850659912,  -1.7878850659912,  -1.7878850659912,  
		-1.7878850659912,  -1.7878850659912,  -1.7878850659912,  -1.7878850659912,  
		-1.7878850659912,  -1.7878850659912,  -1.7878850659912,  -1.7878850659912,  
		-1.7878850659912,  -1.7878850659912,  -1.7878850659912,  -1.7842946850664,  
		-1.77995358813,  -1.7756124911937,  -1.7712713942573,  -1.766930297321,  
		-1.7656138243152,  -1.7656138243152,  -1.7656138243152,  -1.7656138243152,  
		-1.7656138243152,  -1.7656138243152,  -1.7656138243152,  -1.7656138243152,  
		-1.7656138243152,  -1.7656138243152,  -1.7656138243152,  -1.7656138243152,  
		-1.7656138243152,  -1.7656138243152,  -1.7656138243152,  -1.7648838179878,  
		-1.7624963382775,  -1.7601088585672,  -1.7577213788569,  -1.7553338991466,  
		-1.7530235107928,  -1.7510754518149,  -1.749127392837,  -1.7471793338591,  
		-1.7452312748812,  -1.7433710982632,  -1.7433710982632,  -1.7433710982632,  
		-1.7433710982632,  -1.7433710982632,  -1.7433710982632,  -1.7413905869235,  
		-1.739225589596,  -1.7370605922685,  -1.734895594941,  -1.7327305976135,  
		-1.730565600286,  -1.7284006029585,  -1.726235605631,  -1.7240706083035,  
		-1.721905610976,  -1.7211568149078,  -1.7211568149078,  -1.7211568149078,  
		-1.7211568149078,  -1.7211568149078,  -1.7211568149078,  -1.7211568149078,  
		-1.7211568149078,  -1.7211568149078,  -1.7211568149078,  -1.7211568149078,  
		-1.7211568149078,  -1.7211568149078,  -1.7211568149078,  -1.7211568149078,  
		-1.7211568149078,  -1.7211568149078,  -1.7211568149078,  -1.7211568149078,  
		-1.7211568149078,  -1.7211568149078,  -1.7211568149078,  -1.7211568149078,  
		-1.7211568149078,  -1.7211568149078,  -1.7211517962046,  -1.7191493336127,  
		-1.7171468710208,  -1.715144408429,  -1.7131419458371,  -1.7111394832452,  
		-1.7091370206533,  -1.7071345580615,  -1.7051320954696,  -1.7031296328777,  
		-1.7011271702859,  -1.7003731919196,  -1.700053652321,  -1.6997341127224,  
		-1.6994145731239,  -1.6990950335253,  -1.698970901601,  -1.698970901601,  
		-1.698970901601,  -1.698970901601,  -1.698970901601,  -1.698970901601,  
		-1.698970901601,  -1.698970901601,  -1.698970901601,  -1.698970901601,  
		-1.698970901601,  -1.698970901601,  -1.698970901601,  -1.698970901601,  
		-1.698970901601,  -1.698970901601,  -1.698970901601,  -1.698970901601,  
		-1.698970901601,  -1.698970901601,  -1.698970901601,  -1.698970901601,  
		-1.698970901601,  -1.698970901601,  -1.698970901601,  -1.698970901601,  
		-1.6958931143327,  -1.6926867510949,  -1.6894803878572,  -1.6862740246194,  
		-1.6830676613816,  -1.6815982413497,  -1.6804856555715,  -1.6793730697934,  
		-1.6782604840152,  -1.6771478982371,  -1.6768132859729,  -1.6768132859729,  
		-1.6768132859729,  -1.6768132859729,  -1.6768132859729,  -1.6768132859729,  
		-1.6768132859729,  -1.6768132859729,  -1.6768132859729,  -1.6768132859729,  
		-1.6768132859729,  -1.6768132859729,  -1.6768132859729,  -1.6768132859729,  
		-1.6768132859729,  -1.6768132859729,  -1.6768132859729,  -1.6768132859729,  
		-1.6768132859729,  -1.6768132859729,  -1.6768132859729,  -1.6768132859729,  
		-1.6768132859729,  -1.6768132859729,  -1.6768132859729,  -1.6768132859729,  
		-1.6768132859729,  -1.6768132859729,  -1.6768132859729,  -1.6768132859729,  
		-1.6768132859729,  -1.6768132859729,  -1.6768132859729,  -1.6768132859729,  
		-1.6768132859729,  -1.6768132859729,  -1.6768132859729,  -1.6768132859729,  
		-1.6768132859729,  -1.6768132859729,  -1.6768132859729,  -1.6739808970178,  
		-1.6696674497158,  -1.6653540024139,  -1.661040555112,  -1.65672710781,  
		-1.6546838959301,  -1.6546838959301,  -1.6546838959301,  -1.6546838959301,  
		-1.6546838959301,  -1.6546838959301,  -1.6546838959301,  -1.6546838959301,  
		-1.6546838959301,  -1.6546838959301,  -1.6546838959301,  -1.6546838959301,  
		-1.6546838959301,  -1.6546838959301,  -1.6546838959301,  -1.6546838959301,  
		-1.6546838959301,  -1.6546838959301,  -1.6546838959301,  -1.6546838959301,  
		-1.6546838959301,  -1.6546838959301,  -1.6546838959301,  -1.6546838959301,  
		-1.6546838959301,  -1.6546838959301,  -1.6546838959301,  -1.6546838959301,  
		-1.6546838959301,  -1.6546838959301,  -1.6546838959301,  -1.6546838959301,  
		-1.6546838959301,  -1.6546838959301,  -1.6546838959301,  -1.6546838959301,  
		-1.6546838959301,  -1.6546838959301,  -1.6546838959301,  -1.6546838959301,  
		-1.6546838959301,  -1.6546838959301,  -1.6546838959301,  -1.6546838959301,  
		-1.6546838959301,  -1.6546838959301,  -1.6546838959301,  -1.6546838959301,  
		-1.6546838959301,  -1.6546838959301,  -1.6546838959301,  -1.6546838959301,  
		-1.6546838959301,  -1.6546838959301,  -1.6546838959301,  -1.6546838959301,  
		-1.6545501916026,  -1.6531083530434,  -1.6516665144842,  -1.6502246759251,  
		-1.6487828373659,  -1.6473409988067,  -1.6459076082912,  -1.6444745477774,  
		-1.6430414872637,  -1.6416084267499,  -1.6401753662361,  -1.6387423057224,  
		-1.6373092452086,  -1.6358761846948,  -1.634443124181,  -1.6330100636673,  
		-1.6325826596544,  -1.6325826596544,  -1.6325826596544,  -1.6325826596544,  
		-1.6325826596544,  -1.6325826596544,  -1.6325826596544,  -1.6325826596544,  
		-1.6325826596544,  -1.6325826596544,  -1.6325826596544,  -1.6325826596544,  
		-1.6325826596544,  -1.6325826596544,  -1.6325826596544,  -1.6321304767854,  
		-1.6306754690056,  -1.6292204612257,  -1.6277654534458,  -1.6263104456659,  
		-1.6249467188065,  -1.6239975594608,  -1.6230484001151,  -1.6220992407694,  
		-1.6211500814237,  -1.6202009220781,  -1.6192517627324,  -1.6183026033867,  
		-1.617353444041,  -1.6164042846954,  -1.6154551253497,  -1.614505966004,  
		-1.6135568066583,  -1.6126076473126,  -1.611658487967,  -1.6107093286213,  
		-1.6105095056011,  -1.6105095056011,  -1.6105095056011,  -1.6105095056011,  
		-1.6105095056011,  -1.6105095056011,  -1.6105095056011,  -1.6105095056011,  
		-1.6105095056011,  -1.6105095056011,  -1.6105095056011,  -1.6105095056011,  
		-1.6105095056011,  -1.6105095056011,  -1.6105095056011,  -1.6097243905359,  
		-1.607754196127,  -1.6057840017181,  -1.6038138073092,  -1.6018436129003,  
		-1.5998938539234,  -1.5979998626676,  -1.5961058714118,  -1.594211880156,  
		-1.5923178889002,  -1.5906253094338,  -1.5901924691591,  -1.5897596288844,  
		-1.5893267886096,  -1.5888939483349,  -1.5884643624983,  -1.5884643624983,  
		-1.5884643624983,  -1.5884643624983,  -1.5884643624983,  -1.5884643624983,  
		-1.5846998187251,  -1.5804082388237,  -1.5761166589222,  -1.5718250790208,  
		-1.5675334991193,  -1.5616474083653,  -1.5552208961479,  -1.5487943839304,  
		-1.542367871713,  -1.5359413594956,  -1.5321574345513,  -1.5300170699843,  
		-1.5278767054173,  -1.5257363408503,  -1.5235959762832,  -1.5204175611191,  
		-1.5161422368188,  -1.5118669125185,  -1.5075915882182,  -1.5033162639179,  
		-1.4990428582913,  -1.4947729251938,  -1.4905029920964,  -1.4862330589989,  
		-1.4819631259015,  -1.4778912737711,  -1.4744994996276,  -1.471107725484,  
		-1.4677159513405,  -1.464324177197,  -1.4604774819926,  -1.4523090367105,  
		-1.4441405914284,  -1.4359721461463,  -1.4278037008642,  -1.4196352555821,  
		-1.4123089677241,  -1.4050133037724,  -1.3977176398207,  -1.390421975869,  
		-1.3831263119174,  -1.3781368956025,  -1.3736045734138,  -1.3690722512252,  
		-1.3645399290365,  -1.3600076068478,  -1.3571749385529,  -1.3550560039215,  
		-1.3529370692901,  -1.3508181346587,  -1.3486992000273,  -1.342940987365,  
		-1.3344811272563,  -1.3260212671476,  -1.3175614070388,  -1.3091015469301,  
		-1.3004781625278,  -1.2916496798589,  -1.28282119719,  -1.2739927145211,  
		-1.2651642318522,  -1.2566773177593,  -1.2489391219848,  -1.2412009262104,  
		-1.2334627304359,  -1.2257245346614,  -1.2186855671187,  -1.2147691804464,  
		-1.210852793774,  -1.2069364071017,  -1.2030200204293,  -1.1988254858164,  
		-1.1896242882735,  -1.1804230907306,  -1.1712218931876,  -1.1620206956447,  
		-1.1528194981018,  -1.1427892965478,  -1.1326892604169,  -1.122589224286,  
		-1.112489188155,  -1.1023891520241,  -1.0954137850014,  -1.0892591380294,  
		-1.0831044910573,  -1.0769498440852,  -1.0707951971131,  -1.0630684399634,  
		-1.0545377628364,  -1.0460070857094,  -1.0374764085825,  -1.0289457314555,  
		-1.0205299345741,  -1.0122154707396,  -1.003901006905,  -0.99558654307051,  
		-0.98727207923597,  -0.98062978000175,  -0.97648527663927,  -0.97234077327678,  
		-0.9681962699143,  -0.96405176655182,  -0.95934909406216,  -0.95314246586876,  
		-0.94693583767536,  -0.94072920948195,  -0.93452258128855,  -0.92889692668733,  
		-0.92682973533824,  -0.92476254398915,  -0.92269535264006,  -0.92062816129097,  
		-0.91849023433918,  -0.90936716662087,  -0.90024409890256,  -0.89112103118425,  
		-0.88199796346595,  -0.87287489574764,  -0.86618541680331,  -0.85982873632381,  
		-0.8534720558443,  -0.8471153753648,  -0.84075869488529,  -0.83533302692319,  
		-0.83021873438498,  -0.82510444184676,  -0.81999014930854,  -0.81487585677033,  
		-0.81038524665752,  -0.8062784411142,  -0.80217163557088,  -0.79806483002755,  
		-0.79395802448423,  -0.78733518104437,  -0.77808017488196,  -0.76882516871956,  
		-0.75957016255716,  -0.75031515639475,  -0.74148577742048,  -0.73341836040538,  
		-0.72535094339028,  -0.71728352637518,  -0.70921610936007,  -0.70167606936412,  
		-0.69592099774068,  -0.69016592611724,  -0.6844108544938,  -0.67865578287036,  
		-0.67292424975754,  -0.6674099952043,  -0.66189574065106,  -0.65638148609782,  
		-0.65086723154458,  -0.64535297699134,  -0.64124085610725,  -0.63717595734155,  
		-0.63311105857586,  -0.62904615981016,  -0.62498126104446,  -0.62092044216478,  
		-0.61686041727491,  -0.61280039238503,  -0.60874036749516,  -0.60468034260528,  
		-0.60148861182166,  -0.59865713072041,  -0.59582564961917,  -0.59299416851793,  
		-0.59016268741669,  -0.5874433150307,  -0.58480631817896,  -0.58216932132721,  
		-0.57953232447547,  -0.57689532762373,  -0.57425833077198,  -0.57162133392024,  
		-0.5689843370685,  -0.56634734021675,  -0.56371034336501,  -0.56062856452859,  
		-0.55658309139204,  -0.55253761825549,  -0.54849214511894,  -0.54444667198239,  
		-0.54076415520578,  -0.5386757035235,  -0.53658725184123,  -0.53449880015895,  
		-0.53241034847667,  -0.5303388568775,  -0.52855799942969,  -0.52677714198187,  
		-0.52499628453406,  -0.52321542708625,  -0.52143456963843,  -0.51749064800173,  
		-0.51337086748788,  -0.50925108697403,  -0.50513130646019,  -0.50101152594634,  
		-0.49702786997909,  -0.49307942603968,  -0.48913098210026,  -0.48518253816085,  
		-0.48123409422143,  -0.47712268873416,  -0.47292888004909,  -0.46873507136402,  
		-0.46454126267895,  -0.46034745399388,  -0.45624437969045,  -0.45222053822732,  
		-0.44819669676419,  -0.44417285530105,  -0.44014901383792,  -0.43450921650335,  
		-0.42648061483707,  -0.4184520131708,  -0.41042341150453,  -0.40239480983826,  
		-0.39575137352074,  -0.39279323950722,  -0.38983510549371,  -0.3868769714802,  
		-0.38391883746669,  -0.38066165450337,  -0.37561017784124,  -0.37055870117911,  
		-0.36550722451697,  -0.36045574785484,  -0.35546757290527,  -0.35546757290527,  
		-0.35546757290527,  -0.35546757290527,  -0.35546757290527,  -0.35546757290527,  
		-0.35194076955636,  -0.34794305780575,  -0.34394534605514,  -0.33994763430453,  
		-0.33594992255392,  -0.33495800911204,  -0.33495800911204,  -0.33495800911204,  
		-0.33495800911204,  -0.33495800911204,  -0.33495800911204,  -0.33495800911204,  
		-0.33495800911204,  -0.33495800911204,  -0.33495800911204,  -0.33495800911204,  
		-0.33495800911204,  -0.33495800911204,  -0.33495800911204,  -0.33495800911204,  
		-0.33495800911204,  -0.33495800911204,  -0.33495800911204,  -0.33495800911204,  
		-0.33495800911204,  -0.33495800911204,  -0.33495800911204,  -0.33495800911204,  
		-0.33495800911204,  -0.33495800911204,  -0.33495800911204,  -0.33495800911204,  
		-0.33495800911204,  -0.33495800911204,  -0.33495800911204,  -0.33495800911204,  
		-0.33495800911204,  -0.33495800911204,  -0.33495800911204,  -0.33495800911204,  
		-0.33495800911204,  -0.33495800911204,  -0.33495800911204,  -0.33495800911204,  
		-0.33495800911204,  -0.33495800911204,  -0.33495800911204,  -0.33495800911204,  
		-0.33495800911204,  -0.33495800911204,  -0.33495800911204,  -0.33495800911204,  
		-0.33495800911204,  -0.33495800911204,  -0.33495800911204,  -0.33495800911204,  
		-0.33495800911204,  -0.33495800911204,  -0.33495800911204,  -0.33495800911204,  
		-0.33495800911204,  -0.33495800911204,  -0.33495800911204,  -0.33495800911204,  
		-0.33495800911204,  -0.33495800911204,  -0.33495800911204,  -0.33495800911204,  
		-0.33495800911204,  -0.33495800911204,  -0.33495800911204,  -0.33495800911204,  
		-0.33495800911204,  -0.33495800911204,  -0.33495800911204,  -0.33495800911204,  
		-0.33495800911204,  -0.33495800911204,  -0.33495800911204,  -0.33495800911204,  
		-0.33495800911204,  -0.33495800911204,  -0.33495800911204,  -0.33495800911204,  
		-0.33495800911204,  -0.33495800911204,  -0.33495800911204,  -0.33495800911204,  
		-0.33495800911204,  -0.33495800911204,  -0.33495800911204,  -0.33495800911204,  
		-0.33495800911204,  -0.33495800911204,  -0.33495800911204,  -0.33495800911204,  
		-0.33495800911204,  -0.33495800911204,  -0.33495800911204,  -0.33495800911204,  
		-0.33495800911204,  -0.33495800911204,  -0.33495800911204,  -0.33495800911204,  
		-0.33495800911204,  -0.33495800911204,  -0.33495800911204,  -0.33539560662942,  
		-0.33840597575765,  -0.34141634488588,  -0.34442671401411,  -0.34743708314234,  
		-0.35041703081935,  -0.35140437344173,  -0.35239171606411,  -0.3533790586865,  
		-0.35436640130888,  -0.35535374393126,  -0.35546757290527,  -0.35546757290527,  
		-0.35546757290527,  -0.35546757290527,  -0.35546757290527,  -0.35546757290527,  
		-0.35546757290527,  -0.35546757290527,  -0.35546757290527,  -0.35546757290527,  
		-0.35546757290527,  -0.35546757290527,  -0.35546757290527,  -0.35546757290527,  
		-0.35546757290527,  -0.35641030013826,  -0.35831968169138,  -0.36022906324449,  
		-0.36213844479761,  -0.36404782635072,  -0.36595720790384,  -0.36786658945696,  
		-0.36977597101007,  -0.37168535256319,  -0.37359473411631,  -0.37510188307592,  
		-0.37528555705049,  -0.37546923102505,  -0.37565290499962,  -0.37583657897418,  
		-0.37600137918193,  -0.37600137918193,  -0.37600137918193,  -0.37600137918193,  
		-0.37600137918193,  -0.37600137918193,  -0.37600137918193,  -0.37600137918193,  
		-0.37600137918193,  -0.37600137918193,  -0.37600137918193,  -0.37600137918193,  
		-0.37600137918193,  -0.37600137918193,  -0.37600137918193,  -0.37600137918193,  
		-0.37695212045256,  -0.37828784498417,  -0.37962356951579,  -0.38095929404741,  
		-0.38229501857902,  -0.38363074311064,  -0.38496646764225,  -0.38630219217387,  
		-0.38763791670549,  -0.3889736412371,  -0.39030936576872,  -0.39164509030034,  
		-0.39298081483195,  -0.39431653936357,  -0.39565226389519,  -0.39734956691623,  
		-0.39981239939537,  -0.40227523187452,  -0.40473806435366,  -0.4072008968328,  
		-0.40948968290703,  -0.41103877176041,  -0.41258786061379,  -0.41413694946717,  
		-0.41568603832055,  -0.41714194889704,  -0.41714194889704,  -0.41714194889704,  
		-0.41714194889704,  -0.41714194889704,  -0.41714194889704,  -0.41714194889704,  
		-0.41714194889704,  -0.41714194889704,  -0.41714194889704,  -0.41714194889704,  
		-0.41714194889704,  -0.41714194889704,  -0.41714194889704,  -0.41714194889704,  
		-0.41714194889704,  -0.41714194889704,  -0.41714194889704,  -0.41714194889704,  
		-0.41714194889704,  -0.41714194889704,  -0.41928665013401,  -0.42326681661564,  
		-0.42724698309728,  -0.43122714957891,  -0.43520731606055,  -0.43757641643037,  
		-0.43761293028249,  -0.4376494441346,  -0.43768595798672,  -0.43772247183884,  
		-0.43830820241491,  -0.44031892773425,  -0.44232965305358,  -0.44434037837292,  
		-0.44635110369225,  -0.44836182901159,  -0.45037255433092,  -0.45238327965025,  
		-0.45439400496959,  -0.45640473028892,  -0.45845081537963,  -0.46247704766723,  
		-0.46650327995482,  -0.47052951224242,  -0.47455574453002,  -0.47858197681761,  
		-0.48261246157097,  -0.48664348689202,  -0.49067451221306,  -0.49470553753411,  
		-0.49873656285515,  -0.50237004130809,  -0.50587583086632,  -0.50938162042454,  
		-0.51288740998276,  -0.51639319954098,  -0.51965454068139,  -0.52277019056479,  
		-0.5258858404482,  -0.5290014903316,  -0.532117140215,  -0.53541249009851,  
		-0.53889026270941,  -0.54236803532031,  -0.5458458079312,  -0.5493235805421,  
		-0.55226893394943,  -0.5542916705177,  -0.55631440708598,  -0.55833714365425,  
		-0.56035988022253,  -0.56336296524755,  -0.56954696813757,  -0.57573097102758,  
		-0.58191497391759,  -0.5880989768076,  -0.59426191978735,  -0.60024585352985,  
		-0.60622978727236,  -0.61221372101486,  -0.61819765475736,  -0.62418158849987,  
		-0.6282922075185,  -0.63235466934629,  -0.63641713117408,  -0.64047959300186,  
		-0.64454205482965,  -0.6486107013502,  -0.65268048570739,  -0.65675027006459,  
		-0.66082005442178,  -0.66488983877897,  -0.67187711471191,  -0.68003138727515,  
		-0.68818565983839,  -0.69633993240163,  -0.70449420496487,  -0.7091166451014,  
		-0.7112228441099,  -0.71332904311839,  -0.71543524212689,  -0.71754144113539,  
		-0.71958962661936,  -0.72156793946053,  -0.72354625230171,  -0.72552456514289,  
		-0.72750287798406,  -0.73281283979475,  -0.74509602037883,  -0.75737920096291,  
		-0.76966238154699,  -0.78194556213107,  -0.79265036516848,  -0.79675468028345,  
		-0.80085899539842,  -0.80496331051338,  -0.80906762562835,  -0.81339416393102,  
		-0.82104516112159,  -0.82869615831218,  -0.83634715550276,  -0.84399815269333,  
		-0.85164914988392,  -0.86039587354255,  -0.86922212573516,  -0.87804837792777,  
		-0.88687463012038,  -0.89570088231299,  -0.90406791628947,  -0.91232158076885,  
		-0.92057524524823,  -0.9288289097276,  -0.93708257420698,  -0.94257279756807,  
		-0.94671223441238,  -0.95085167125669,  -0.95499110810101,  -0.95913054494532,  
		-0.96696091952298,  -0.97791833856917,  -0.98887575761537,  -0.99983317666156,  
		-1.0107905957078,  -1.0195669787008,  -1.0252180966175,  -1.0308692145343,  
		-1.0365203324511,  -1.0421714503678,  -1.0474081522958,  -1.0515829132526,  
		-1.0557576742094,  -1.0599324351662,  -1.064107196123,  -1.0682797608827,  
		-1.0724399171282,  -1.0766000733737,  -1.0807602296192,  -1.0849203858647,  
		-1.0891646589595,  -1.0975201430624,  -1.1058756271652,  -1.1142311112681,  
		-1.122586595371,  -1.1309420794739,  -1.1399737198359,  -1.1490891654808,  
		-1.1582046111256,  -1.1673200567705,  -1.1764355024153,  -1.1835419699405,  
		-1.1900119295466,  -1.1964818891527,  -1.2029518487587,  -1.2094218083648,  
		-1.215749851065,  -1.2219942136774,  -1.2282385762897,  -1.234482938902,  
		-1.2407273015143,  -1.2463793167299,  -1.2514360079285,  -1.2564926991272,  
		-1.2615493903259,  -1.2666060815246,  -1.2727702818797,  -1.28083306936,  
		-1.2888958568404,  -1.2969586443207,  -1.3050214318011,  -1.3124839393988,  
		-1.3180255513722,  -1.3235671633455,  -1.3291087753189,  -1.3346503872922,  
		-1.3401919992656,  -1.345733611239,  -1.3512752232123,  -1.3568168351857,  
		-1.362358447159,  -1.3679000591324,  -1.3723862444979,  -1.3768480738648,  
		-1.3813099032317,  -1.3857717325986,  -1.3902335619655,  -1.3969937121089,  
		-1.4041686479546,  -1.4113435838003,  -1.418518519646,  -1.4256934554918,  
		-1.4328137280026,  -1.4399124027624,  -1.4470110775221,  -1.4541097522818,  
		-1.4612084270415,  -1.4683071018012,  -1.4754057765609,  -1.4825044513206,  
		-1.4896031260804,  -1.4967018008401,  -1.5044193726735,  -1.5128748602487,  
		-1.5213303478239,  -1.5297858353992,  -1.5382413229744,  -1.5465282822711,  
		-1.5544665176684,  -1.5624047530657,  -1.570342988463,  -1.5782812238603,  
		-1.5862194592576,  -1.5941576946549,  -1.6020959300522,  -1.6100341654495,  
		-1.6179724008468,  -1.6259062883747,  -1.6337778006998,  -1.6416493130249,  
		-1.6495208253499,  -1.657392337675,  -1.66526385,  -1.6718253429741,  
		-1.6782955209264,  -1.6847656988787,  -1.691235876831,  -1.6977060547833,  
		-1.7054334082804,  -1.7134662436856,  -1.7214990790909,  -1.7295319144961,  
		-1.7375647499013,  -1.7435258851364,  -1.7484858269808,  -1.7534457688252,  
		-1.7584057106696,  -1.763365652514,  -1.7679875181304,  -1.7723258359426,  
		-1.7766641537549,  -1.7810024715672,  -1.7853407893794,  -1.7893116104715,  
		-1.7927612543969,  -1.7962108983222,  -1.7996605422475,  -1.8031101861728,  
		-1.8058369080961,  -1.806733933625,  -1.8076309591539,  -1.8085279846827,  
		-1.8094250102116,  -1.8108502790408,  -1.8152025353375,  -1.8195547916343,  
		-1.823907047931,  -1.8282593042277,  -1.8325133893298,  -1.8325133893298,  
		-1.8325133893298,  -1.8325133893298,  -1.8325133893298,  -1.8325133893298,  
		-1.8325133893298,  -1.8325133893298,  -1.8325133893298,  -1.8325133893298,  
		-1.8325133893298,  -1.8325133893298,  -1.8325133893298,  -1.8325133893298,  
		-1.8325133893298,  -1.8325133893298,  -1.8325133893298,  -1.8325133893298,  
		-1.8325133893298,  -1.8325133893298,  -1.8325133893298,  -1.8345076966758,  
		-1.8384863398312,  -1.8424649829866,  -1.846443626142,  -1.8504222692974,  
		-1.8530657859838,  -1.8534450003477,  -1.8538242147116,  -1.8542034290755,  
		-1.8545826434394,  -1.8548706182571,  -1.8548706182571,  -1.8548706182571,  
		-1.8548706182571,  -1.8548706182571,  -1.8548706182571,  -1.8548706182571,  
		-1.8548706182571,  -1.8548706182571,  -1.8548706182571,  -1.8548706182571,  
		-1.8507338399957,  -1.8465124217699,  -1.842291003544,  -1.8380695853182,  
		-1.8338481670924,  -1.8330974452527,  -1.8329610059592,  -1.8328245666658,  
		-1.8326881273723,  -1.8325516880788,  -1.8325133893298,  -1.8325133893298,  
		-1.8325133893298,  -1.8325133893298,  -1.8325133893298,  -1.8325133893298,  
		-1.8325133893298,  -1.8325133893298,  -1.8325133893298,  -1.8325133893298,  
		-1.8325133893298,  -1.8325133893298,  -1.8325133893298,  -1.8325133893298,  
		-1.8325133893298,  -1.8325133893298,  -1.8325133893298,  -1.8325133893298,  
		-1.8325133893298,  -1.8325133893298,  -1.8316516643988,  -1.8272994081021,  
		-1.8229471518054,  -1.8185948955087,  -1.8142426392119,  -1.8101848964992,  
		-1.8101848964992,  -1.8101848964992,  -1.8101848964992,  -1.8101848964992,  
		-1.8101848964992,  -1.8101848964992,  -1.8101848964992,  -1.8101848964992,  
		-1.8101848964992,  -1.8101848964992,  -1.8101848964992,  -1.8101848964992,  
		-1.8101848964992,  -1.8101848964992,  -1.8101848964992,  -1.8101848964992,  
		-1.8101848964992,  -1.8101848964992,  -1.8101848964992,  -1.8101848964992,  
		-1.8101848964992,  -1.8101848964992,  -1.8101848964992,  -1.8101848964992,  
		-1.8101848964992,  -1.8101848964992,  -1.8101848964992,  -1.8101848964992,  
		-1.8101848964992,  -1.8101848964992,  -1.8101848964992,  -1.8101848964992,  
		-1.8101848964992,  -1.8101848964992,  -1.8101848964992,  -1.8101848964992,  
		-1.8101848964992,  -1.8101848964992,  -1.8101848964992,  -1.8101848964992,  
		-1.8101848964992,  -1.8101848964992,  -1.8101848964992,  -1.8101848964992,  
		-1.8101848964992,  -1.8101848964992,  -1.8101848964992,  -1.8101848964992,  
		-1.8101848964992,  -1.8101848964992,  -1.8101848964992,  -1.8101848964992,  
		-1.8101848964992,  -1.8101848964992,  -1.8101848964992,  -1.8101848964992,  
		-1.8101848964992,  -1.8101848964992,  -1.8101848964992,  -1.8101848964992,  
		-1.8101848964992,  -1.8101848964992,  -1.8101848964992,  -1.8101848964992,  
		-1.8101848964992,  -1.8101848964992,  -1.8101848964992,  -1.8101848964992,  
		-1.8101848964992,  -1.8101848964992,  -1.8101848964992,  -1.8101848964992,  
		-1.8101848964992,  -1.8101848964992,  -1.8101848964992,  -1.8101848964992,  
		-1.8101848964992,  -1.8101848964992,  -1.8101848964992,  -1.8101848964992,  
		-1.8101848964992,  -1.8101848964992,  -1.8123054214723,  -1.8144638129627,  
		-1.8166222044532,  -1.8187805959437,  -1.8209389874341,  -1.8230973789246,  
		-1.825255770415,  -1.8274141619055,  -1.829572553396,  -1.8317309448864,  
		-1.8323570044613,  -1.8323924777771,  -1.832427951093,  -1.8324634244088,  
		-1.8324988977246,  -1.8325133893298,  -1.8325133893298,  -1.8325133893298,  
		-1.8325133893298,  -1.8325133893298,  -1.8325133893298,  -1.8325133893298,  
		-1.8325133893298,  -1.8325133893298,  -1.8325133893298,  -1.8325133893298,  
		-1.8325133893298,  -1.8325133893298,  -1.8325133893298,  -1.8325133893298,  
		-1.8325133893298,  -1.8325133893298,  -1.8325133893298,  -1.8325133893298,  
		-1.8325133893298,  -1.8325133893298,  -1.8325133893298,  -1.8325133893298,  
		-1.8325133893298,  -1.8325133893298,  -1.8325133893298,  -1.8361456479916,  
		-1.8400103712078,  -1.8438750944241,  -1.8477398176403,  -1.8516045408565,  
		-1.8527398825716,  -1.8532330168747,  -1.8537261511778,  -1.8542192854809,  
		-1.854712419784,  -1.8562941056289,  -1.8583899412796,  -1.8604857769303,  
		-1.862581612581,  -1.8646774482317,  -1.8667732838824,  -1.8688691195331,  
		-1.8709649551838,  -1.8730607908344,  -1.8751566264851,  -1.8764471647916,  
		-1.8766189666677,  -1.8767907685438,  -1.8769625704199,  -1.877134372296,  
		-1.8785159227106,  -1.8828850260377,  -1.8872541293649,  -1.891623232692,  
		-1.8959923360192,  -1.9003623306143,  -1.9047370786388,  -1.9091118266633,  
		-1.9134865746878,  -1.9178613227122,  -1.9221765560099,  -1.9243925425805,  
		-1.926608529151,  -1.9288245157216,  -1.9310405022921,  -1.9332564888627,  
		-1.935426208361,  -1.9375906291163,  -1.9397550498717,  -1.941919470627,  
		-1.9440838913823,  -1.9466146796957,  -1.949256815012,  -1.9518989503283,  
		-1.9545410856446,  -1.957183220961,  -1.9592535765943,  -1.9609975225662,  
		-1.9627414685381,  -1.96448541451,  -1.9662293604819,  -1.9690846484005,  
		-1.9730237698017,  -1.976962891203,  -1.9809020126042,  -1.9848411340055,  
		-1.9888057153949,  -1.9928125603645,  -1.9968194053342,  -2.0008262503039,  
		-2.0048330952736,  -2.0087287634022,  -2.0122829598047,  -2.0158371562073,  
		-2.0193913526098,  -2.0229455490123,  -2.0265392360545,  -2.030435970831,  
		-2.0343327056075,  -2.038229440384,  -2.0421261751605,  -2.046022909937,  
		-2.0482528200869,  -2.0504572825325,  -2.0526617449782,  -2.0548662074238,  
		-2.0570706698694,  -2.0573911180445,  -2.0573911180445,  -2.0573911180445,  
		-2.0573911180445,  -2.0573911180445,  -2.0589899156668,  -2.0611972521765,  
		-2.0634045886863,  -2.065611925196,  -2.0678192617057,  -2.0700265982155,  
		-2.0722339347252,  -2.0744412712349,  -2.0766486077446,  -2.0788559442544,  
		-2.08212411222,  -2.08661940414,  -2.09111469606,  -2.0956099879801,  
		-2.1001052799001,  -2.1045525940444,  -2.1089039526371,  -2.1132553112298,  
		-2.1176066698225,  -2.1219580284152,  -2.1268907505571,  -2.1341058629292,  
		-2.1413209753013,  -2.1485360876733,  -2.1557512000454,  -2.1628151413571,  
		-2.1679503484494,  -2.1730855555417,  -2.1782207626339,  -2.1833559697262,  
		-2.1884911768185,  -2.1949526971616,  -2.2014953483684,  -2.2080379995752,  
		-2.214580650782,  -2.2211233019888,  -2.2250533718284,  -2.2283786774626,  
		-2.2317039830969,  -2.2350292887311,  -2.2383545943653,  -2.2414486373537,  
		-2.2444347010919,  -2.2474207648302,  -2.2504068285684,  -2.2533928923067,  
		-2.2577170740164,  -2.2631299971666,  -2.2685429203168,  -2.273955843467,  
		-2.2793687666171,  -2.2827254295168,  -2.283254734572,  -2.2837840396272,  
		-2.2843133446824,  -2.2848426497376,  -2.2852180716188,  -2.2852180716188,  
		-2.2852180716188,  -2.2852180716188,  -2.2852180716188,  -2.2852180716188,  
		-2.2852180716188,  -2.2852180716188,  -2.2852180716188,  -2.2852180716188,  
		-2.2852180716188,  -2.2852180716188,  -2.2852180716188,  -2.2852180716188,  
		-2.2852180716188,  -2.2852180716188,  -2.2852180716188,  -2.2852180716188,  
		-2.2852180716188,  -2.2852180716188,  -2.2852180716188,  -2.2852180716188,  
		-2.2852180716188,  -2.2852180716188,  -2.2852180716188,  -2.2852180716188,  
		-2.2852180716188,  -2.2852180716188,  -2.2852180716188,  -2.2852180716188,  
		-2.2852180716188,  -2.2852180716188,  -2.2852180716188,  -2.2852180716188,  
		-2.2852180716188,  -2.2852180716188,  -2.2852180716188,  -2.2852180716188,  
		-2.2852180716188,  -2.2852180716188,  -2.2852180716188,  -2.2841096962414,  
		-2.2796426075989,  -2.2751755189564,  -2.2707084303139,  -2.2662413416714,  
		-2.2617749462897,  -2.2573137429886,  -2.2528525396874,  -2.2483913363863,  
		-2.2439301330851,  -2.239468929784,  -2.234656880702,  -2.2298403792623,  
		-2.2250238778226,  -2.2202073763829,  -2.2153908749432,  -2.2113390941662,  
		-2.2074147668329,  -2.2034904394996,  -2.1995661121663,  -2.195641784833,  
		-2.1912680136062,  -2.1867253134676,  -2.1821826133291,  -2.1776399131905,  
		-2.173097213052,  -2.1712254673934,  -2.1711605438832,  -2.1710956203729,  
		-2.1710306968626,  -2.1709657733523,  -2.1688623585138,  -2.1644245423155,  
		-2.1599867261173,  -2.155548909919,  -2.1511110937207,  -2.1466752282511,  
		-2.1422432205657,  -2.1378112128804,  -2.1333792051951,  -2.1289471975097,  
		-2.1247294369291,  -2.1213399243021,  -2.1179504116751,  -2.114560899048,  
		-2.111171386421,  -2.1079587768689,  -2.1069220751385,  -2.105885373408,  
		-2.1048486716775,  -2.1038119699471,  -2.1027752682166,  -2.1027181067177,  
		-2.1027181067177,  -2.1027181067177,  -2.1027181067177,  -2.1027181067177,  
		-2.0991175008268,  -2.0946970646716,  -2.0902766285163,  -2.0858561923611,  
		-2.0814357562058,  -2.0800398289989,  -2.0800398289989,  -2.0800398289989,  
		-2.0800398289989,  -2.0800398289989,  -2.0800398289989,  -2.0800398289989,  
		-2.0800398289989,  -2.0800398289989,  -2.0800398289989,  -2.079104891981,  
		-2.0768975554713,  -2.0746902189616,  -2.0724828824518,  -2.0702755459421,  
		-2.0680682094324,  -2.0658608729227,  -2.0636535364129,  -2.0614461999032,  
		-2.0592388633935,  -2.0573911180445,  -2.0573911180445,  -2.0573911180445,  
		-2.0573911180445,  -2.0573911180445,  -2.0572474688626,  -2.0528385439713,  
		-2.04842961908,  -2.0440206941888,  -2.0396117692975,  -2.0352028444062,  
		-2.0347718968605,  -2.0347718968605,  -2.0347718968605,  -2.0347718968605,  
		-2.0347718968605,  -2.0347718968605,  -2.0347718968605,  -2.0347718968605,  
		-2.0347718968605,  -2.0347718968605,  -2.0319467914011,  -2.0275435996889,  
		-2.0231404079768,  -2.0187372162647,  -2.0143340245525,  -2.0099337564765,  
		-2.0055362830527,  -2.0011388096289,  -1.9967413362051,  -1.9923438627812,  
		-1.9881617664649,  -1.9843296579482,  -1.9804975494314,  -1.9766654409147,  
		-1.972833332398,  -1.9682676511059,  -1.9615085872156,  -1.9547495233253,  
		-1.9479904594349,  -1.9412313955446,  -1.9345396593477,  -1.928340256909,  
		-1.9221408544703,  -1.9159414520317,  -1.909742049593,  -1.9035426471543,  
		-1.9027455089201,  -1.9020030771589,  -1.9012606453977,  -1.9005182136364,  
		-1.8997757818752,  -1.8939182807282,  -1.8872256662121,  -1.880533051696,  
		-1.8738404371799,  -1.8671478226639,  -1.8622593525499,  -1.8580404618017,  
		-1.8538215710535,  -1.8496026803053,  -1.8453837895571,  -1.8423868309274,  
		-1.8402079021677,  -1.8380289734081,  -1.8358500446484,  -1.8336711158888,  
		-1.8293666324591,  -1.8226524292967,  -1.8159382261342,  -1.8092240229717,  
		-1.8025098198093,  -1.7969062194422,  -1.7934744645416,  -1.7900427096411,  
		-1.7866109547405,  -1.78317919984,  -1.7801603070317,  -1.7787132747196,  
		-1.7772662424075,  -1.7758192100954,  -1.7743721777833,  -1.7729251454712,  
		-1.7714781131591,  -1.7700310808469,  -1.7685840485348,  -1.7671370162227,  
		-1.7656899839106,  -1.7656138243152,  -1.7656138243152,  -1.7656138243152,  
		-1.7656138243152,  -1.7656138243152,  -1.7656138243152,  -1.7656138243152,  
		-1.7656138243152,  -1.7656138243152,  -1.7656138243152,  -1.7656138243152,  
		-1.7656138243152,  -1.7656138243152,  -1.7656138243152,  -1.7656138243152,  
		-1.7656138243152,  -1.7656138243152,  -1.7656138243152,  -1.7656138243152,  
		-1.7656138243152,  -1.7656138243152,  -1.7656138243152,  -1.7656138243152,  
		-1.7656138243152,  -1.7656138243152,  -1.7656138243152,  -1.7656138243152,  
		-1.7656138243152,  -1.7656138243152,  -1.7656138243152,  -1.7656138243152,  
		-1.7656138243152,  -1.7656138243152,  -1.7656138243152,  -1.7656138243152,  
		-1.7656138243152,  -1.7656138243152,  -1.7656138243152,  -1.7656138243152,  
		-1.7656138243152,  -1.7656138243152,  -1.7656138243152,  -1.7656138243152,  
		-1.7656138243152,  -1.7656138243152,  -1.7656138243152,  -1.7656138243152,  
		-1.7656138243152,  -1.7656138243152,  -1.7656138243152,  -1.7656138243152,  
		-1.7656138243152,  -1.7656138243152,  -1.7656138243152,  -1.7656138243152,  
		-1.7656138243152,  -1.7656138243152,  -1.7656138243152,  -1.7656138243152,  
		-1.7656138243152,  -1.7656138243152,  -1.7660678977303,  -1.7672520499694,  
		-1.7684362022086,  -1.7696203544478,  -1.770804506687,  -1.7719552865669,  
		-1.773007601466,  -1.774059916365,  -1.7751122312641,  -1.7761645461631,  
		-1.7772168610622,  -1.7782691759612,  -1.7793214908603,  -1.7803738057593,  
		-1.7814261206584,  -1.7824784355574,  -1.7835307504565,  -1.7845830653555,  
		-1.7856353802546,  -1.7866876951536,  -1.7877400100527,  -1.7893299639857,  
		-1.791005877648,  -1.7926817913102,  -1.7943577049725,  -1.7960336186348,  
		-1.7974603181523,  -1.7987956960483,  -1.8001310739442,  -1.8014664518402,  
		-1.8028018297361,  -1.8041372076321,  -1.805472585528,  -1.806807963424,  
		-1.8081433413199,  -1.8094787192159,  -1.8110143768809,  -1.8127748166272,  
		-1.8145352563734,  -1.8162956961197,  -1.818056135866,  -1.8196582390708,  
		-1.820954147346,  -1.8222500556212,  -1.8235459638964,  -1.8248418721717,  
		-1.8261377804469,  -1.8274336887221,  -1.8287295969974,  -1.8300255052726,  
		-1.8313214135478,  -1.8325133893298,  -1.8325133893298,  -1.8325133893298,  
		-1.8325133893298,  -1.8325133893298,  -1.8325133893298,  -1.8325133893298,  
		-1.8325133893298,  -1.8325133893298,  -1.8325133893298,  -1.8325133893298,  
		-1.8339309869623,  -1.8356607161836,  -1.8373904454049,  -1.8391201746262,  
		-1.8408499038475,  -1.8425796330688,  -1.8443093622902,  -1.8460390915115,  
		-1.8477688207328,  -1.8494985499541,  -1.8507636510495,  -1.8516620501261,  
		-1.8525604492028,  -1.8534588482795,  -1.8543572473562,  -1.8548706182571,  
		-1.8548706182571,  -1.8548706182571,  -1.8548706182571,  -1.8548706182571,  
		-1.8548706182571,  -1.8548706182571,  -1.8548706182571,  -1.8548706182571,  
		-1.8548706182571,  -1.8548706182571,  -1.8548706182571,  -1.8548706182571,  
		-1.8548706182571,  -1.8548706182571,  -1.8548706182571,  -1.8548706182571,  
		-1.8548706182571,  -1.8548706182571,  -1.8548706182571,  -1.8548706182571,  
		-1.8548706182571,  -1.8548706182571,  -1.8548706182571,  -1.8548706182571,  
		-1.8548706182571,  -1.8548706182571,  -1.8548706182571,  -1.8548706182571,  
		-1.8548706182571,  -1.8548706182571,  -1.8548706182571,  -1.8548706182571,  
		-1.8548706182571,  -1.8548706182571,  -1.8548706182571,  -1.8548706182571,  
		-1.8548706182571,  -1.8548706182571,  -1.8548706182571,  -1.8548706182571,  
		-1.8548706182571,  -1.8548706182571,  -1.8548706182571,  -1.8548706182571,  
		-1.8548706182571,  -1.8548706182571,  -1.8548706182571,  -1.8548706182571,  
		-1.8548706182571,  -1.8548706182571,  -1.8545912932412,  -1.8523622796138,  
		-1.8501332659864,  -1.847904252359,  -1.8456752387317,  -1.8434462251043,  
		-1.8415240052359,  -1.839603330928,  -1.8376826566201,  -1.8357619823122,  
		-1.8338413080043,  -1.8334013708636,  -1.8331932012796,  -1.8329850316956,  
		-1.8327768621116,  -1.8325686925275,  -1.8325133893298,  -1.8325133893298,  
		-1.8325133893298,  -1.8325133893298,  -1.8325133893298,  -1.8325133893298,  
		-1.8325133893298,  -1.8325133893298,  -1.8325133893298,  -1.8325133893298,  
		-1.8325133893298,  -1.8325133893298,  -1.8325133893298,  -1.8325133893298,  
		-1.8325133893298,  -1.8318533597244,  -1.8299310837203,  -1.8280088077163,  
		-1.8260865317122,  -1.8241642557082,  -1.8222428101445,  -1.8203244323251,  
		-1.8184060545058,  -1.8164876766865,  -1.8145692988672,  -1.8126474378961,  
		-1.8106869456047,  -1.8087264533132,  -1.8067659610218,  -1.8048054687304,  
		-1.802844976439,  -1.8013717245984,  -1.7999228347803,  -1.7984739449622,  
		-1.7970250551442,  -1.7955761653261,  -1.7941272755081,  -1.79267838569,  
		-1.7912294958719,  -1.7897806060539,  -1.7883317162358,  -1.7878850659912,  
		-1.7878850659912,  -1.7878850659912,  -1.7878850659912,  -1.7878850659912,  
		-1.7855760260726,  -1.7814630487177,  -1.7773500713628,  -1.7732370940078,  
		-1.7691241166529,  -1.765011139298,  -1.7608981619431,  -1.7567851845882,  
		-1.7526722072333,  -1.7485592298783,  -1.7449119254893,  -1.7423473107461,  
		-1.7397826960028,  -1.7372180812595,  -1.7346534665163,  -1.7321656595479,  
		-1.7300517257194,  -1.7279377918908,  -1.7258238580622,  -1.7237099242337,  
		-1.7215065098265,  -1.7171611540687,  -1.7128157983109,  -1.7084704425532,  
		-1.7041250867954,  -1.6997797310376,  -1.6963380373603,  -1.6929859630628,  
		-1.6896338887653,  -1.6862818144679,  -1.6829297401704,  -1.6780135152336,  
		-1.6726547010484,  -1.6672958868632,  -1.6619370726779,  -1.6565782584927,  
		-1.6518997968937,  -1.6475890934493,  -1.643278390005,  -1.6389676865606,  
		-1.6346569831163,  -1.6303505429524,  -1.6260480571354,  -1.6217455713185,  
		-1.6174430855016,  -1.6131405996847,  -1.6105095056011,  -1.6105095056011,  
		-1.6105095056011,  -1.6105095056011,  -1.6105095056011,  -1.6083778618272,  
		-1.6001203291496,  -1.591862796472,  -1.5836052637944,  -1.5753477311168,  
		-1.5676394423562,  -1.5636789356181,  -1.5597184288799,  -1.5557579221417,  
		-1.5517974154035,  -1.5478369086654,  -1.5443687834349,  -1.5409018953438,  
		-1.5374350072528,  -1.5339681191618,  -1.5305012310708,  -1.5269874691003,  
		-1.5234665270269,  -1.5199455849536,  -1.5164246428802,  -1.5129037008069,  
		-1.5104663256629,  -1.5084159387081,  -1.5063655517533,  -1.5043151647984,  
		-1.5022647778436,  -1.5013521163237,  -1.5011775659331,  -1.5010030155424,  
		-1.5008284651518,  -1.5006539147611,  -1.5005624836041,  -1.5005624836041,  
		-1.5005624836041,  -1.5005624836041,  -1.5005624836041,  -1.5005624836041,  
		-1.5005624836041,  -1.5005624836041,  -1.5005624836041,  -1.5005624836041,  
		-1.5005624836041,  -1.5005624836041,  -1.5005624836041,  -1.5005624836041,  
		-1.5005624836041,  -1.5005624836041,  -1.5005624836041,  -1.5005624836041,  
		-1.5005624836041,  -1.5005624836041,  -1.5005624836041,  -1.5046449361315,  
		-1.5089202604318,  -1.5131955847321,  -1.5174709090324,  -1.5217462333327,  
		-1.5224962902275,  -1.5224962902275,  -1.5224962902275,  -1.5224962902275,  
		-1.5224962902275,  -1.5254681247391,  -1.5297488538731,  -1.5340295830072,  
		-1.5383103121412,  -1.5425910412753,  -1.5465222823668,  -1.5501832527053,  
		-1.5538442230439,  -1.5575051933825,  -1.5611661637211,  -1.5644412430017,  
		-1.5672122102642,  -1.5699831775268,  -1.5727541447893,  -1.5755251120519,  
		-1.5781064892023,  -1.5802522791531,  -1.5823980691038,  -1.5845438590545,  
		-1.5866896490052,  -1.5890317484561,  -1.592312719429,  -1.595593690402,  
		-1.598874661375,  -1.6021556323479,  -1.6053401031402,  -1.6063561581067,  
		-1.6073722130731,  -1.6083882680396,  -1.609404323006,  -1.6104203779725,  
		-1.6105095056011,  -1.6105095056011,  -1.6105095056011,  -1.6105095056011,  
		-1.6105095056011,  -1.6138781392888,  -1.618186103524,  -1.6224940677592,  
		-1.6268020319944,  -1.6311099962296,  -1.6354179604648,  -1.6397259247,  
		-1.6440338889352,  -1.6483418531704,  -1.6526498174056,  -1.6569577816408,  
		-1.661265745876,  -1.6655737101112,  -1.6698816743464,  -1.6741896385816,  
		-1.6797995731997,  -1.6874375770681,  -1.6950755809365,  -1.7027135848049,  
		-1.7103515886733,  -1.7173894162874,  -1.7227248208722,  -1.7280602254571,  
		-1.7333956300419,  -1.7387310346268,  -1.7438654622212,  -1.7476587548987,  
		-1.7514520475762,  -1.7552453402538,  -1.7590386329313,  -1.7628319256088 ]
];
prUnarchive(o,p);
